26000001, 26000011, 27000006: = 0 12 0.0
26000004, 26000011, 27000006: = 0 12 0.0
26000011, 27000006, 28000008: = 0 12 0.0
26000011, 26000022, 26000037: = 0 13 0.0
26000037, 26000055, 28000008: = 0 16 0.0
26000000, 26000011, 26000046: = 0 19 0.0
26000000, 26000011, 26000022: = 0 19 0.0
26000000, 26000022, 28000011: = 0 13 0.0
26000000, 26000004, 26000011: = 0 24 0.0
26000000, 26000004, 26000022: = 0 13 0.0
26000022, 26000055, 28000008: = 0 12 0.0
26000022, 26000055, 28000011: = 0 13 0.0
26000022, 26000035, 26000048: = 0 12 0.0
26000022, 26000041, 26000048: = 0 13 0.0
26000006, 26000027, 26000030: = 0 12 0.0
26000006, 26000027, 26000035: = 0 18 0.0
26000006, 26000027, 28000008: = 0 18 0.0
26000006, 26000027, 26000049: = 0 12 0.0
26000006, 26000030, 26000035: = 0 12 0.0
26000006, 26000035, 26000049: = 0 12 0.0
26000006, 26000049, 28000008: = 0 12 0.0
26000027, 26000030, 26000035: = 0 12 0.0
26000027, 26000030, 28000008: = 0 12 0.0
26000027, 26000035, 26000049: = 0 12 0.0
26000027, 26000049, 28000008: = 0 12 0.0
26000030, 26000035, 28000008: = 0 12 0.0
26000035, 26000041, 26000048: = 0 12 0.0
26000006, 26000035, 28000008: = 1 18 0.05
26000000, 28000000, 28000008: = 1 15 0.06
26000004, 26000022, 26000037: = 1 13 0.07
26000000, 26000046, 28000011: = 1 13 0.07
26000000, 26000004, 28000000: = 1 14 0.07
26000046, 27000006, 28000008: = 1 11 0.08
26000019, 26000055, 28000008: = 1 12 0.08
26000004, 26000018, 26000026: = 1 10 0.09
26000026, 26000030, 28000008: = 1 10 0.09
26000006, 26000030, 28000008: = 2 12 0.14
26000018, 26000026, 28000008: = 2 12 0.14
26000018, 26000021, 28000011: = 2 10 0.17
26000046, 26000055, 28000008: = 8 36 0.18
26000000, 26000055, 28000008: = 4 17 0.19
26000046, 26000055, 28000011: = 6 24 0.2
26000027, 26000035, 28000008: = 6 22 0.21
26000030, 26000049, 28000011: = 3 10 0.23
26000026, 26000049, 28000011: = 3 10 0.23
26000000, 26000004, 26000037: = 6 19 0.24
26000011, 26000046, 26000055: = 6 18 0.25
26000011, 26000055, 28000008: = 6 18 0.25
26000000, 26000011, 28000008: = 6 18 0.25
26000041, 26000045, 28000001: = 3 9 0.25
26000017, 26000035, 28000008: = 3 9 0.25
26000037, 26000046, 26000055: = 6 16 0.27
26000046, 26000055, 28000004: = 6 16 0.27
26000055, 28000004, 28000008: = 6 16 0.27
26000012, 26000018, 28000003: = 3 8 0.27
26000017, 26000049, 28000008: = 4 11 0.27
26000001, 26000004, 26000011: = 10 25 0.29
26000055, 28000000, 28000008: = 6 15 0.29
26000011, 26000022, 26000046: = 6 14 0.3
26000001, 26000011, 26000046: = 8 18 0.31
26000001, 26000011, 28000008: = 8 18 0.31
26000037, 28000009, 28000011: = 4 9 0.31
26000022, 28000008, 28000011: = 9 20 0.31
26000012, 26000022, 28000008: = 4 9 0.31
26000036, 26000050, 28000009: = 4 9 0.31
26000004, 28000000, 28000001: = 6 13 0.32
26000011, 26000022, 28000011: = 6 13 0.32
26000000, 26000022, 26000046: = 6 13 0.32
26000000, 26000046, 28000000: = 6 13 0.32
26000055, 28000000, 28000011: = 6 13 0.32
26000012, 26000026, 26000055: = 8 17 0.32
26000026, 26000055, 28000008: = 9 19 0.32
26000001, 26000004, 27000006: = 6 12 0.33
26000001, 27000006, 28000008: = 6 12 0.33
26000004, 26000011, 26000022: = 6 12 0.33
26000011, 26000022, 28000008: = 6 12 0.33
26000000, 26000001, 26000011: = 6 12 0.33
26000000, 26000022, 28000008: = 6 12 0.33
26000000, 26000046, 26000055: = 6 12 0.33
26000055, 28000008, 28000011: = 14 28 0.33
26000022, 26000046, 26000055: = 6 12 0.33
26000022, 26000046, 28000008: = 6 12 0.33
26000022, 26000046, 28000011: = 7 14 0.33
26000006, 26000017, 26000041: = 6 12 0.33
26000021, 26000045, 28000008: = 4 8 0.33
26000012, 26000048, 28000008: = 6 12 0.33
26000012, 26000026, 26000049: = 6 12 0.33
26000012, 26000018, 26000049: = 7 14 0.33
26000037, 26000046, 28000004: = 6 11 0.35
26000000, 26000020, 28000011: = 6 11 0.35
26000004, 26000012, 26000050: = 5 9 0.36
26000011, 28000001, 28000009: = 4 7 0.36
26000011, 26000012, 28000011: = 4 7 0.36
26000012, 26000021, 28000001: = 4 7 0.36
26000004, 27000006, 28000008: = 7 12 0.37
26000011, 28000008, 28000011: = 13 22 0.37
26000000, 26000011, 28000000: = 7 12 0.37
26000022, 26000035, 26000041: = 7 12 0.37
26000026, 26000027, 26000035: = 7 12 0.37
26000026, 26000049, 26000055: = 7 12 0.37
26000004, 26000012, 26000048: = 5 8 0.38
26000011, 26000037, 26000046: = 8 13 0.38
26000037, 26000055, 28000004: = 6 10 0.38
26000000, 26000020, 28000008: = 6 10 0.38
26000027, 26000035, 28000011: = 6 10 0.38
26000027, 26000035, 26000041: = 6 10 0.38
26000030, 26000049, 28000008: = 5 8 0.38
26000035, 26000049, 28000008: = 8 13 0.38
26000035, 28000008, 28000011: = 6 10 0.38
26000026, 26000027, 28000008: = 6 10 0.38
26000026, 26000027, 28000011: = 6 10 0.38
26000017, 27000003, 28000008: = 5 8 0.38
26000004, 26000011, 28000000: = 9 14 0.39
26000004, 26000018, 28000008: = 7 11 0.39
26000012, 26000049, 28000011: = 7 11 0.39
26000020, 28000008, 28000011: = 7 11 0.39
26000000, 26000046, 28000008: = 12 18 0.4
26000004, 26000011, 26000037: = 17 24 0.41
26000004, 26000055, 28000008: = 11 16 0.41
26000004, 26000026, 28000001: = 7 10 0.41
26000004, 26000014, 28000001: = 7 10 0.41
26000012, 26000018, 28000008: = 11 16 0.41
26000004, 26000026, 26000055: = 8 11 0.42
26000004, 26000041, 28000001: = 5 7 0.42
26000000, 26000011, 26000037: = 14 19 0.42
26000026, 26000049, 28000008: = 14 19 0.42
26000001, 26000004, 28000003: = 6 8 0.43
26000004, 26000032, 26000041: = 6 8 0.43
26000022, 26000046, 28000000: = 6 8 0.43
26000022, 26000041, 28000009: = 6 8 0.43
26000004, 26000011, 26000046: = 15 19 0.44
26000012, 26000055, 28000008: = 14 18 0.44
26000001, 26000004, 26000046: = 15 18 0.45
26000004, 26000011, 28000008: = 22 27 0.45
26000004, 26000026, 26000042: = 5 6 0.45
26000011, 26000046, 28000008: = 20 24 0.45
26000046, 28000000, 28000011: = 13 16 0.45
26000000, 28000008, 28000011: = 19 23 0.45
26000018, 26000021, 26000040: = 5 6 0.45
26000012, 26000018, 28000001: = 5 6 0.45
26000004, 28000010, 28000011: = 6 7 0.46
26000011, 26000057, 28000001: = 6 7 0.46
26000046, 27000006, 28000000: = 6 7 0.46
26000000, 26000055, 28000000: = 6 7 0.46
26000000, 28000000, 28000011: = 6 7 0.46
26000000, 26000004, 28000004: = 6 7 0.46
26000000, 28000010, 28000011: = 6 7 0.46
26000022, 26000055, 28000000: = 6 7 0.46
26000006, 26000037, 28000000: = 6 7 0.46
26000006, 28000000, 28000011: = 6 7 0.46
26000012, 26000023, 28000008: = 6 7 0.46
26000026, 26000041, 28000004: = 6 7 0.46
26000007, 26000026, 28000000: = 6 7 0.46
26000004, 26000012, 26000018: = 7 8 0.47
26000004, 26000026, 26000041: = 9 10 0.47
26000004, 26000007, 26000026: = 7 8 0.47
26000004, 26000042, 28000001: = 7 8 0.47
26000022, 26000037, 26000041: = 7 8 0.47
26000026, 28000008, 28000011: = 15 17 0.47
26000011, 26000046, 28000011: = 14 15 0.48
26000046, 26000055, 28000000: = 12 13 0.48
26000000, 26000037, 26000046: = 12 13 0.48
26000000, 26000055, 28000011: = 13 14 0.48
26000000, 26000022, 26000037: = 12 13 0.48
26000022, 26000037, 28000008: = 13 14 0.48
26000049, 26000055, 28000008: = 12 13 0.48
26000004, 26000012, 26000049: = 18 19 0.49
26000001, 26000037, 26000055: = 6 6 0.5
26000001, 26000037, 28000003: = 6 6 0.5
26000001, 26000046, 26000055: = 6 6 0.5
26000001, 26000046, 27000006: = 6 6 0.5
26000001, 26000046, 28000004: = 6 6 0.5
26000001, 26000022, 26000037: = 6 6 0.5
26000001, 26000022, 26000046: = 6 6 0.5
26000001, 27000006, 28000000: = 6 6 0.5
26000001, 27000006, 28000001: = 6 6 0.5
26000004, 26000011, 28000004: = 12 12 0.5
26000004, 26000011, 28000003: = 6 6 0.5
26000004, 26000037, 28000010: = 6 6 0.5
26000004, 28000008, 28000010: = 6 6 0.5
26000004, 26000022, 26000046: = 6 6 0.5
26000004, 26000012, 26000055: = 10 10 0.5
26000004, 26000012, 26000036: = 7 7 0.5
26000004, 26000049, 26000055: = 9 9 0.5
26000004, 26000021, 28000001: = 6 6 0.5
26000004, 26000041, 28000011: = 6 6 0.5
26000004, 26000036, 26000049: = 6 6 0.5
26000011, 26000037, 26000055: = 6 6 0.5
26000011, 26000037, 28000004: = 12 12 0.5
26000011, 26000037, 28000003: = 6 6 0.5
26000011, 26000055, 28000011: = 12 12 0.5
26000011, 28000000, 28000004: = 6 6 0.5
26000011, 26000019, 28000008: = 6 6 0.5
26000037, 28000008, 28000010: = 6 6 0.5
26000037, 28000008, 28000011: = 12 12 0.5
26000037, 26000055, 28000011: = 6 6 0.5
26000037, 26000055, 28000000: = 6 6 0.5
26000037, 28000000, 28000001: = 7 7 0.5
26000037, 28000010, 28000011: = 6 6 0.5
26000046, 28000008, 28000011: = 24 24 0.5
26000046, 28000000, 28000004: = 6 6 0.5
26000000, 26000011, 26000055: = 6 6 0.5
26000000, 26000011, 28000004: = 6 6 0.5
26000000, 26000037, 28000011: = 13 13 0.5
26000000, 26000037, 28000008: = 12 12 0.5
26000000, 26000001, 26000022: = 6 6 0.5
26000000, 26000001, 26000046: = 12 12 0.5
26000000, 26000001, 27000006: = 6 6 0.5
26000000, 26000001, 26000004: = 12 12 0.5
26000000, 26000022, 26000055: = 6 6 0.5
26000000, 26000046, 27000006: = 6 6 0.5
26000000, 27000006, 28000000: = 6 6 0.5
26000000, 26000004, 26000046: = 13 13 0.5
26000000, 28000008, 28000010: = 6 6 0.5
26000000, 26000026, 28000008: = 7 7 0.5
26000055, 28000000, 28000004: = 6 6 0.5
26000019, 26000046, 28000011: = 6 6 0.5
26000019, 28000008, 28000011: = 6 6 0.5
27000006, 28000001, 28000008: = 6 6 0.5
26000022, 26000037, 26000046: = 7 7 0.5
26000022, 26000046, 28000004: = 6 6 0.5
26000022, 26000035, 26000037: = 6 6 0.5
26000022, 26000035, 28000009: = 6 6 0.5
26000006, 26000023, 28000008: = 7 7 0.5
26000006, 26000046, 28000000: = 6 6 0.5
26000006, 26000026, 28000008: = 7 7 0.5
26000006, 26000026, 26000041: = 6 6 0.5
26000006, 26000017, 26000026: = 6 6 0.5
26000006, 26000017, 28000008: = 7 7 0.5
26000023, 26000035, 28000008: = 6 6 0.5
26000027, 26000039, 28000008: = 6 6 0.5
26000035, 26000037, 26000041: = 6 6 0.5
26000035, 26000037, 28000008: = 6 6 0.5
26000035, 26000041, 27000003: = 6 6 0.5
26000035, 26000041, 28000009: = 6 6 0.5
26000035, 26000041, 26000050: = 6 6 0.5
26000035, 26000050, 28000009: = 6 6 0.5
28000000, 28000001, 28000004: = 6 6 0.5
28000000, 28000004, 28000008: = 6 6 0.5
28000000, 28000004, 28000011: = 6 6 0.5
26000009, 26000022, 26000035: = 6 6 0.5
26000009, 26000022, 26000037: = 6 6 0.5
26000009, 26000022, 26000041: = 6 6 0.5
26000009, 26000022, 28000008: = 6 6 0.5
26000009, 26000035, 26000037: = 6 6 0.5
26000009, 26000035, 26000041: = 6 6 0.5
26000009, 26000037, 26000041: = 6 6 0.5
26000009, 26000037, 28000008: = 6 6 0.5
26000009, 26000041, 28000008: = 6 6 0.5
26000012, 26000035, 28000008: = 6 6 0.5
26000012, 28000008, 28000012: = 7 7 0.5
26000012, 26000026, 26000048: = 6 6 0.5
26000012, 26000026, 28000008: = 19 19 0.5
26000012, 26000026, 28000011: = 6 6 0.5
26000012, 28000000, 28000011: = 6 6 0.5
26000012, 26000018, 26000021: = 8 8 0.5
26000012, 26000040, 26000049: = 7 7 0.5
26000012, 26000049, 28000001: = 8 8 0.5
26000012, 26000049, 28000008: = 21 21 0.5
26000012, 26000049, 26000055: = 11 11 0.5
26000012, 26000036, 28000008: = 6 6 0.5
26000026, 26000040, 26000041: = 6 6 0.5
26000026, 26000040, 28000008: = 6 6 0.5
26000026, 26000032, 28000008: = 6 6 0.5
26000040, 26000049, 26000055: = 6 6 0.5
26000040, 26000055, 28000008: = 6 6 0.5
26000049, 28000000, 28000008: = 7 7 0.5
26000017, 26000027, 26000041: = 6 6 0.5
26000017, 26000027, 28000008: = 6 6 0.5
26000017, 26000041, 28000010: = 6 6 0.5
26000013, 26000019, 26000046: = 6 6 0.5
26000013, 26000019, 28000008: = 6 6 0.5
26000013, 26000046, 28000008: = 6 6 0.5
26000020, 26000022, 28000008: = 7 7 0.5
26000020, 26000026, 28000011: = 6 6 0.5
26000046, 28000004, 28000008: = 18 17 0.51
26000046, 28000000, 28000008: = 20 19 0.51
26000000, 26000011, 28000011: = 13 12 0.52
26000000, 26000037, 28000000: = 13 12 0.52
26000006, 28000008, 28000011: = 14 13 0.52
26000032, 26000041, 28000008: = 12 11 0.52
26000001, 26000011, 28000001: = 8 7 0.53
26000004, 26000011, 28000001: = 16 14 0.53
26000004, 26000022, 28000011: = 9 8 0.53
26000004, 26000049, 28000001: = 8 7 0.53
26000004, 26000041, 28000000: = 9 8 0.53
26000011, 28000008, 28000009: = 8 7 0.53
26000000, 28000000, 28000001: = 8 7 0.53
26000000, 26000006, 28000008: = 8 7 0.53
26000055, 28000008, 28000009: = 8 7 0.53
26000012, 26000055, 28000009: = 8 7 0.53
26000017, 26000026, 26000041: = 8 7 0.53
26000036, 26000049, 28000008: = 8 7 0.53
26000001, 26000046, 28000008: = 14 12 0.54
26000004, 26000011, 28000011: = 13 11 0.54
26000004, 27000001, 28000001: = 7 6 0.54
26000004, 26000050, 28000011: = 7 6 0.54
26000004, 26000018, 26000049: = 7 6 0.54
26000004, 26000014, 26000049: = 7 6 0.54
26000004, 26000062, 28000000: = 7 6 0.54
26000011, 26000037, 28000008: = 14 12 0.54
26000000, 26000004, 27000001: = 7 6 0.54
26000000, 27000001, 28000001: = 7 6 0.54
26000022, 28000004, 28000011: = 7 6 0.54
26000022, 26000035, 28000008: = 7 6 0.54
26000006, 26000041, 28000008: = 7 6 0.54
26000018, 26000021, 28000001: = 7 6 0.54
26000012, 26000026, 28000009: = 7 6 0.54
26000026, 26000035, 26000049: = 7 6 0.54
26000026, 26000055, 28000009: = 7 6 0.54
26000004, 26000035, 28000001: = 6 5 0.55
26000004, 26000035, 26000042: = 6 5 0.55
26000004, 26000007, 26000041: = 6 5 0.55
26000004, 26000031, 28000008: = 6 5 0.55
26000000, 26000020, 26000026: = 6 5 0.55
26000019, 26000046, 28000008: = 12 10 0.55
26000027, 28000008, 28000011: = 12 10 0.55
26000027, 26000041, 28000008: = 12 10 0.55
26000018, 26000049, 28000008: = 11 9 0.55
26000021, 28000008, 28000012: = 6 5 0.55
26000026, 26000035, 28000011: = 12 10 0.55
26000026, 26000040, 26000055: = 6 5 0.55
26000026, 26000041, 28000000: = 6 5 0.55
26000007, 26000026, 26000041: = 6 5 0.55
26000001, 26000011, 26000037: = 15 12 0.56
26000004, 26000041, 28000008: = 18 14 0.56
26000000, 26000004, 28000008: = 19 15 0.56
26000021, 26000032, 28000008: = 10 8 0.56
26000001, 28000008, 28000009: = 8 6 0.57
26000004, 26000049, 28000011: = 17 13 0.57
26000011, 26000037, 28000011: = 16 12 0.57
26000011, 28000000, 28000008: = 12 9 0.57
26000037, 26000041, 28000008: = 12 9 0.57
26000022, 28000004, 28000008: = 8 6 0.57
26000006, 28000000, 28000008: = 8 6 0.57
26000035, 26000041, 28000008: = 24 18 0.57
26000012, 28000008, 28000009: = 12 9 0.57
26000004, 26000037, 28000004: = 18 13 0.58
26000004, 26000022, 28000008: = 11 8 0.58
26000004, 26000012, 26000026: = 15 11 0.58
26000004, 26000012, 28000011: = 18 13 0.58
26000004, 26000012, 28000012: = 7 5 0.58
26000004, 26000026, 26000049: = 15 11 0.58
26000004, 26000032, 28000008: = 15 11 0.58
26000004, 26000036, 28000008: = 11 8 0.58
26000046, 26000055, 27000006: = 7 5 0.58
26000022, 26000041, 28000008: = 15 11 0.58
28000000, 28000008, 28000011: = 19 14 0.58
26000018, 28000008, 28000011: = 7 5 0.58
26000026, 26000040, 26000049: = 7 5 0.58
26000049, 28000008, 28000011: = 18 13 0.58
26000014, 26000036, 28000008: = 7 5 0.58
26000004, 26000062, 28000011: = 10 7 0.59
26000001, 26000011, 28000009: = 9 6 0.6
26000001, 28000000, 28000008: = 9 6 0.6
26000004, 26000011, 28000009: = 9 6 0.6
26000004, 28000008, 28000012: = 12 8 0.6
26000004, 27000006, 28000001: = 15 10 0.6
26000004, 26000048, 28000008: = 12 8 0.6
26000037, 26000046, 28000008: = 26 17 0.6
26000009, 26000012, 28000008: = 9 6 0.6
26000026, 26000035, 28000008: = 15 10 0.6
26000040, 26000049, 28000008: = 9 6 0.6
26000026, 26000048, 28000008: = 11 7 0.61
26000017, 26000021, 28000008: = 14 9 0.61
26000004, 26000037, 28000000: = 15 9 0.62
26000004, 26000046, 28000000: = 15 9 0.62
26000004, 26000012, 28000009: = 13 8 0.62
26000004, 26000049, 28000000: = 10 6 0.62
26000004, 26000017, 26000041: = 8 5 0.62
26000011, 26000037, 28000009: = 10 6 0.62
26000037, 28000004, 28000008: = 18 11 0.62
26000021, 28000000, 28000008: = 13 8 0.62
26000021, 26000032, 26000041: = 8 5 0.62
26000012, 26000040, 28000008: = 8 5 0.62
26000001, 26000004, 26000037: = 22 13 0.63
26000001, 26000004, 28000000: = 12 7 0.63
26000004, 26000046, 28000004: = 12 7 0.63
26000004, 26000026, 26000048: = 12 7 0.63
26000004, 26000021, 26000041: = 12 7 0.63
28000008, 28000010, 28000011: = 12 7 0.63
26000026, 28000008, 28000009: = 12 7 0.63
26000001, 26000004, 28000008: = 35 20 0.64
26000001, 26000037, 26000046: = 21 12 0.64
26000004, 26000037, 28000011: = 18 10 0.64
26000004, 26000026, 28000008: = 34 19 0.64
26000004, 26000007, 28000011: = 14 8 0.64
26000004, 26000031, 28000001: = 7 4 0.64
26000004, 26000014, 26000036: = 7 4 0.64
26000004, 26000062, 28000008: = 9 5 0.64
26000011, 26000046, 28000000: = 14 8 0.64
26000000, 26000027, 26000035: = 7 4 0.64
28000000, 28000008, 28000012: = 7 4 0.64
26000018, 26000021, 28000008: = 7 4 0.64
26000012, 26000040, 26000055: = 7 4 0.64
26000020, 26000035, 26000041: = 7 4 0.64
26000005, 26000012, 28000011: = 7 4 0.64
26000001, 26000004, 28000009: = 11 6 0.65
26000004, 26000007, 28000000: = 11 6 0.65
26000037, 28000000, 28000011: = 13 7 0.65
26000006, 26000037, 28000011: = 13 7 0.65
26000021, 26000041, 28000008: = 17 9 0.65
26000004, 26000037, 26000046: = 29 15 0.66
26000004, 28000008, 28000009: = 27 14 0.66
26000026, 26000041, 28000011: = 21 11 0.66
26000017, 26000041, 28000008: = 21 11 0.66
26000001, 26000004, 28000004: = 12 6 0.67
26000001, 26000037, 28000004: = 12 6 0.67
26000001, 26000046, 28000000: = 12 6 0.67
26000001, 28000004, 28000008: = 12 6 0.67
26000004, 26000012, 28000001: = 14 7 0.67
26000004, 26000023, 28000008: = 10 5 0.67
26000004, 26000018, 28000001: = 10 5 0.67
26000004, 26000021, 26000032: = 8 4 0.67
26000004, 26000030, 28000001: = 8 4 0.67
26000004, 26000036, 28000011: = 8 4 0.67
26000004, 26000045, 28000008: = 10 5 0.67
26000011, 26000046, 28000004: = 12 6 0.67
26000011, 26000055, 28000004: = 12 6 0.67
26000011, 28000000, 28000001: = 14 7 0.67
26000037, 28000000, 28000008: = 14 7 0.67
26000046, 28000004, 28000011: = 12 6 0.67
26000000, 26000011, 28000001: = 14 7 0.67
26000000, 26000037, 26000055: = 12 6 0.67
26000000, 26000037, 28000004: = 12 6 0.67
26000000, 28000001, 28000004: = 12 6 0.67
26000000, 26000001, 28000000: = 12 6 0.67
26000000, 26000001, 28000008: = 12 6 0.67
26000055, 28000004, 28000011: = 12 6 0.67
26000022, 26000026, 26000041: = 8 4 0.67
26000006, 26000037, 26000046: = 12 6 0.67
26000006, 26000037, 28000008: = 12 6 0.67
26000006, 26000046, 28000011: = 12 6 0.67
26000035, 26000039, 28000008: = 12 6 0.67
26000009, 26000035, 28000008: = 12 6 0.67
26000012, 28000008, 28000011: = 28 14 0.67
26000012, 26000055, 28000011: = 8 4 0.67
26000041, 28000000, 28000008: = 8 4 0.67
26000001, 26000011, 28000000: = 13 6 0.68
26000004, 26000037, 28000003: = 13 6 0.68
26000004, 28000000, 28000008: = 41 19 0.68
26000004, 26000012, 28000008: = 45 21 0.68
26000037, 26000046, 28000011: = 15 7 0.68
26000004, 28000000, 28000011: = 20 9 0.69
26000004, 26000026, 28000000: = 18 8 0.69
26000004, 26000049, 28000008: = 40 18 0.69
26000035, 26000042, 28000001: = 9 4 0.69
26000012, 26000049, 28000009: = 11 5 0.69
26000026, 28000000, 28000011: = 9 4 0.69
26000050, 28000008, 28000009: = 9 4 0.69
26000011, 26000037, 28000000: = 14 6 0.7
26000006, 26000046, 28000008: = 14 6 0.7
26000012, 26000017, 28000008: = 16 7 0.7
26000004, 28000001, 28000011: = 22 9 0.71
26000004, 27000010, 28000001: = 12 5 0.71
26000004, 26000026, 28000011: = 12 5 0.71
26000004, 26000050, 28000009: = 12 5 0.71
26000004, 26000014, 28000008: = 10 4 0.71
26000000, 26000017, 28000008: = 10 4 0.71
28000004, 28000008, 28000011: = 15 6 0.71
26000012, 26000033, 28000008: = 10 4 0.71
26000026, 26000041, 28000008: = 20 8 0.71
26000004, 26000026, 28000009: = 13 5 0.72
26000004, 26000014, 28000011: = 13 5 0.72
26000037, 26000046, 28000000: = 18 7 0.72
26000000, 26000004, 28000001: = 23 9 0.72
26000019, 26000037, 28000008: = 13 5 0.72
26000020, 26000026, 28000008: = 13 5 0.72
26000001, 26000004, 26000012: = 8 3 0.73
26000004, 26000022, 28000001: = 8 3 0.73
26000004, 28000007, 28000008: = 8 3 0.73
26000004, 26000012, 26000033: = 8 3 0.73
26000004, 26000012, 26000040: = 8 3 0.73
26000004, 26000023, 26000049: = 8 3 0.73
26000004, 26000040, 26000049: = 8 3 0.73
26000004, 26000040, 28000008: = 8 3 0.73
26000004, 26000014, 26000030: = 8 3 0.73
26000004, 26000030, 28000011: = 8 3 0.73
26000004, 26000016, 28000008: = 8 3 0.73
26000004, 26000017, 26000021: = 8 3 0.73
26000009, 26000012, 28000011: = 8 3 0.73
26000041, 28000008, 28000009: = 8 3 0.73
26000049, 26000055, 28000009: = 8 3 0.73
26000036, 28000008, 28000011: = 8 3 0.73
26000045, 28000000, 28000008: = 8 3 0.73
26000007, 26000031, 28000008: = 8 3 0.73
26000016, 28000008, 28000011: = 8 3 0.73
26000001, 26000004, 28000001: = 25 9 0.74
26000000, 26000037, 28000001: = 20 7 0.74
26000000, 26000026, 26000035: = 14 5 0.74
26000004, 26000037, 28000008: = 46 15 0.75
26000004, 28000004, 28000008: = 24 8 0.75
26000004, 26000012, 28000000: = 15 5 0.75
26000004, 26000007, 28000008: = 15 5 0.75
26000004, 26000021, 28000008: = 27 9 0.75
26000004, 26000030, 28000008: = 9 3 0.75
26000004, 26000017, 28000008: = 18 6 0.75
26000011, 28000004, 28000008: = 18 6 0.75
26000037, 28000003, 28000004: = 12 4 0.75
26000000, 26000001, 26000037: = 18 6 0.75
26000000, 26000026, 28000011: = 18 6 0.75
26000000, 26000035, 28000011: = 12 4 0.75
26000000, 26000027, 26000041: = 12 4 0.75
26000000, 26000027, 28000008: = 12 4 0.75
26000000, 26000027, 28000011: = 12 4 0.75
28000003, 28000004, 28000008: = 15 5 0.75
26000027, 26000041, 28000011: = 12 4 0.75
26000035, 26000041, 28000011: = 12 4 0.75
26000021, 28000008, 28000011: = 9 3 0.75
26000021, 26000026, 28000008: = 9 3 0.75
26000012, 28000001, 28000008: = 12 4 0.75
26000041, 28000008, 28000011: = 12 4 0.75
26000026, 28000000, 28000008: = 15 5 0.75
26000020, 26000026, 26000041: = 12 4 0.75
26000020, 26000041, 28000008: = 12 4 0.75
26000007, 26000012, 28000008: = 9 3 0.75
26000033, 28000008, 28000011: = 9 3 0.75
26000004, 26000026, 26000035: = 13 4 0.76
26000004, 26000049, 28000009: = 16 5 0.76
26000004, 26000021, 28000000: = 13 4 0.76
26000011, 26000037, 28000001: = 22 7 0.76
26000037, 28000003, 28000008: = 13 4 0.76
26000000, 26000026, 26000041: = 19 6 0.76
26000012, 26000021, 28000008: = 16 5 0.76
26000049, 28000008, 28000009: = 16 5 0.76
26000001, 26000037, 28000008: = 20 6 0.77
26000001, 28000001, 28000008: = 23 7 0.77
26000004, 26000037, 28000001: = 27 8 0.77
26000004, 26000046, 28000008: = 48 14 0.77
26000004, 26000050, 28000008: = 17 5 0.77
26000004, 26000007, 26000049: = 10 3 0.77
26000012, 26000033, 28000011: = 10 3 0.77
26000004, 28000008, 28000011: = 43 12 0.78
26000004, 28000003, 28000008: = 14 4 0.78
26000011, 28000001, 28000008: = 21 6 0.78
26000000, 26000035, 28000008: = 18 5 0.78
26000041, 27000003, 28000011: = 14 4 0.78
26000026, 26000035, 26000041: = 14 4 0.78
26000001, 26000012, 28000008: = 11 3 0.79
26000004, 26000049, 26000050: = 11 3 0.79
26000023, 26000049, 28000008: = 11 3 0.79
26000012, 26000032, 28000008: = 11 3 0.79
26000012, 28000000, 28000008: = 15 4 0.79
26000004, 28000001, 28000004: = 24 6 0.8
26000004, 26000035, 28000008: = 16 4 0.8
26000011, 28000001, 28000004: = 24 6 0.8
26000037, 28000001, 28000004: = 24 6 0.8
26000055, 28000001, 28000011: = 16 4 0.8
28000000, 28000001, 28000011: = 12 3 0.8
26000026, 26000049, 28000009: = 12 3 0.8
26000004, 26000037, 28000009: = 13 3 0.81
26000004, 26000033, 28000008: = 13 3 0.81
26000000, 26000041, 28000008: = 26 6 0.81
26000001, 26000007, 26000012: = 9 2 0.82
26000004, 27000006, 28000003: = 9 2 0.82
26000004, 26000012, 26000014: = 9 2 0.82
26000004, 26000033, 28000000: = 9 2 0.82
26000031, 28000008, 28000011: = 9 2 0.82
26000001, 26000032, 28000008: = 10 2 0.83
26000004, 26000046, 28000009: = 10 2 0.83
26000004, 28000001, 28000008: = 55 11 0.83
26000004, 26000030, 28000000: = 10 2 0.83
26000011, 28000000, 28000011: = 15 3 0.83
26000026, 26000041, 27000003: = 15 3 0.83
26000032, 26000037, 28000008: = 10 2 0.83
26000004, 26000012, 26000021: = 11 2 0.85
26000000, 26000017, 28000011: = 11 2 0.85
26000021, 26000049, 28000008: = 11 2 0.85
26000049, 26000050, 28000008: = 11 2 0.85
26000017, 26000022, 28000008: = 11 2 0.85
26000004, 26000012, 26000046: = 12 2 0.86
26000000, 26000046, 28000001: = 12 2 0.86
26000000, 26000035, 26000041: = 25 4 0.86
26000000, 26000041, 28000011: = 24 4 0.86
26000004, 26000006, 28000011: = 13 2 0.87
26000041, 27000003, 28000003: = 13 2 0.87
26000041, 28000003, 28000011: = 13 2 0.87
26000026, 27000003, 28000011: = 13 2 0.87
26000004, 26000046, 28000011: = 23 3 0.88
26000004, 28000001, 28000003: = 14 2 0.88
26000037, 26000046, 28000001: = 15 2 0.88
26000017, 28000008, 28000011: = 15 2 0.88
26000017, 26000026, 28000008: = 18 2 0.9
26000004, 26000019, 28000008: = 21 2 0.91
26000004, 26000026, 26000062: = 10 1 0.91
26000037, 26000046, 28000009: = 10 1 0.91
26000012, 26000046, 28000008: = 10 1 0.91
26000041, 26000050, 28000008: = 10 1 0.91
26000032, 28000008, 28000011: = 10 1 0.91
26000007, 26000031, 28000011: = 10 1 0.91
28000001, 28000003, 28000008: = 12 1 0.92
26000000, 26000041, 27000003: = 12 1 0.92
26000009, 28000008, 28000009: = 12 1 0.92
26000009, 26000031, 28000008: = 11 1 0.92
26000026, 26000041, 28000003: = 12 1 0.92
26000026, 28000003, 28000011: = 12 1 0.92
26000004, 26000006, 26000037: = 13 1 0.93
26000004, 26000019, 26000037: = 13 1 0.93
26000000, 28000001, 28000011: = 13 1 0.93
26000023, 26000026, 28000008: = 13 1 0.93
26000026, 27000003, 28000003: = 13 1 0.93
27000003, 28000003, 28000011: = 13 1 0.93
26000011, 26000046, 28000001: = 15 1 0.94
26000046, 28000008, 28000009: = 16 1 0.94
26000001, 26000037, 28000000: = 18 1 0.95
26000011, 28000001, 28000011: = 26 1 0.96
26000004, 26000046, 28000001: = 30 1 0.97
28000001, 28000004, 28000008: = 31 1 0.97
26000001, 26000037, 28000001: = 21 0 1.0
26000001, 26000037, 27000006: = 12 0 1.0
26000001, 28000001, 28000004: = 12 0 1.0
26000004, 26000006, 28000001: = 13 0 1.0
26000004, 26000006, 28000008: = 20 0 1.0
26000004, 26000006, 26000046: = 13 0 1.0
26000004, 27000010, 28000008: = 14 0 1.0
26000004, 26000019, 26000046: = 12 0 1.0
26000004, 26000019, 28000001: = 12 0 1.0
26000004, 28000003, 28000004: = 12 0 1.0
26000004, 26000007, 26000021: = 11 0 1.0
26000011, 26000055, 28000001: = 13 0 1.0
26000011, 28000004, 28000011: = 18 0 1.0
26000037, 28000001, 28000008: = 26 0 1.0
26000037, 28000001, 28000011: = 19 0 1.0
26000037, 28000001, 28000003: = 12 0 1.0
26000037, 28000008, 28000009: = 15 0 1.0
26000046, 28000001, 28000008: = 33 0 1.0
26000046, 28000001, 28000011: = 19 0 1.0
26000046, 28000001, 28000004: = 18 0 1.0
28000001, 28000008, 28000011: = 23 0 1.0
28000001, 28000004, 28000011: = 19 0 1.0
28000001, 28000003, 28000004: = 12 0 1.0
26000000, 28000001, 28000008: = 18 0 1.0
26000000, 28000004, 28000011: = 12 0 1.0
26000000, 26000001, 28000001: = 18 0 1.0
26000000, 26000026, 27000003: = 12 0 1.0
26000000, 26000026, 28000003: = 12 0 1.0
26000000, 26000041, 28000003: = 12 0 1.0
26000000, 27000003, 28000003: = 12 0 1.0
26000000, 27000003, 28000011: = 12 0 1.0
26000000, 28000003, 28000011: = 14 0 1.0
26000000, 26000039, 26000041: = 12 0 1.0
26000000, 26000039, 28000011: = 12 0 1.0
26000055, 28000001, 28000004: = 13 0 1.0
26000019, 28000001, 28000008: = 12 0 1.0
26000006, 28000001, 28000008: = 13 0 1.0
26000035, 26000039, 26000046: = 12 0 1.0
26000035, 28000008, 28000009: = 18 0 1.0
26000035, 26000050, 28000008: = 12 0 1.0
26000035, 26000046, 28000008: = 12 0 1.0
26000039, 26000041, 28000011: = 12 0 1.0
26000039, 26000046, 28000008: = 12 0 1.0
26000009, 26000035, 28000009: = 12 0 1.0
26000007, 28000008, 28000011: = 11 0 1.0
26000007, 26000021, 28000008: = 11 0 1.0
