1534668466
1531556586 8922R8Q2 26000004 28000009 28000001 28000008 26000011 26000046 26000001 26000037 1
1531499218 CLQG82LP 28000011 26000055 26000057 26000037 26000000 28000001 26000011 28000004 1
1531500920 CLYVV0JU 28000008 26000055 27000006 28000004 26000019 26000046 26000037 28000003 -1
1531497578 PQPQ2URQ 28000000 27000006 26000055 26000022 26000000 26000046 26000001 26000037 1
1531288556 9YQUQ928 26000030 26000035 26000039 26000006 26000027 26000023 28000003 28000008 -3
1531517963 8GC8908Y 28000011 28000000 28000001 27000002 26000000 26000001 26000037 26000011 1
1531513832 QUG02C8 28000001 28000008 26000004 26000000 27000010 26000006 27000001 26000001 1
1531559093 2PPQJ2VCJ 26000046 28000002 28000000 26000055 28000008 28000011 28000004 26000022 -3
1531520253 229YQU9J 26000000 26000037 28000001 28000000 28000004 26000004 27000001 26000011 -1
1530637042 2CLVUC9UV 26000021 28000007 26000011 26000037 26000042 26000018 28000009 28000011 -1
1531117286 8G2VYLL 26000012 26000022 26000048 26000009 26000035 28000008 26000041 26000037 -1
1531556837 PCL2QYP2 26000004 28000009 28000000 28000008 26000011 26000046 26000001 26000037 1
1531515445 2CPRCURQJ 28000008 26000004 26000046 26000037 28000010 28000001 26000006 28000011 2
1531515194 2CPRCURQJ 28000008 28000000 26000046 26000037 26000055 26000000 26000006 28000011 -1
1531253078 2CPRCURQJ 26000035 26000041 26000000 27000003 28000003 28000011 26000026 26000040 1
1531557318 8Y98QPPVC 28000008 26000004 26000046 28000011 26000006 26000037 28000000 26000019 1
1531298704 8Y98QPPVC 28000008 26000030 26000049 26000026 26000035 26000006 28000011 26000027 -1
1531524364 2P8RQ9JQ8 26000000 28000008 27000006 28000000 26000011 26000004 26000046 26000001 -1
1531574586 2C2YUQ2R9 28000008 28000011 26000037 26000004 26000000 26000022 26000011 28000010 -1
1531310877 2C2YUQ2R9 28000008 26000041 26000000 26000017 26000039 28000011 26000027 28000010 1
1531129863 2C2YUQ2R9 28000008 26000041 26000000 26000009 26000037 28000009 26000022 26000035 1
1531506863 2LUG0C09C 26000004 28000009 28000001 26000057 27000006 26000001 26000011 28000008 -3
1531504623 8RJ2ULJQV 28000001 28000008 26000004 28000004 26000001 27000006 28000003 26000037 1
1531292747 8RJ2ULJQV 28000004 26000041 28000011 27000003 28000003 26000026 26000000 26000039 1
1531294072 Y0YGY2Y8 28000010 26000026 26000006 28000004 26000017 26000040 26000041 27000001 -1
1531121344 Y0YGY2Y8 26000036 26000048 26000041 26000022 26000050 28000009 26000035 27000009 -1
1531557610 8QC0UUVG0 26000000 26000046 28000001 28000007 26000004 26000013 26000019 28000008 1
1531499013 828RVQJCL 28000008 26000022 26000011 26000020 28000011 26000046 26000055 26000000 -1
1531254615 828RVQJCL 26000035 26000041 26000000 28000008 26000020 28000011 26000026 26000027 3
1531552714 PLVY9J9R 26000037 26000055 26000004 28000008 26000046 26000011 26000001 28000004 -1
1531292003 PLVY9J9R 28000008 26000035 26000017 26000027 26000049 26000041 26000006 27000003 -1
1530599210 22C8UY8Y 28000008 26000012 26000004 26000046 26000035 26000039 26000052 27000010 3
1531563272 Q9G0LVC8 26000055 26000046 28000011 26000011 26000028 26000013 28000008 26000019 -3
1531142266 Q9G0LVC8 26000043 26000041 28000002 28000008 26000011 26000050 26000035 26000000 1
1531052338 2RP8R88Y8 26000032 26000037 26000043 28000007 28000008 26000025 26000015 26000022 1
1531504873 8G9VRCGGP 28000001 28000008 26000004 28000004 26000019 26000011 28000003 26000037 1
1529692331 2P2GJVCRP 26000020 26000045 26000015 26000048 26000041 26000008 28000001 26000030 -1
1530294433 90PGU8P 26000029 26000006 27000009 28000001 26000052 26000015 26000039 28000000 -1
1530180253 90PGU8P 26000004 28000009 28000008 26000023 26000026 26000050 26000035 26000049 1
1531593797 V0UVGVUJ 26000009 26000042 26000046 28000008 26000035 28000009 26000039 26000031 3
1531495716 9LVGRL80 28000001 26000046 28000008 28000004 28000011 26000055 28000000 26000011 1
1531255204 9LVGRL80 26000035 26000041 26000000 28000008 26000020 28000011 26000026 26000027 -1
1531558695 9VLG0GJP 26000004 28000008 26000001 28000001 26000037 26000046 26000000 28000004 2
1531508531 2QQQU9LYV 26000011 26000000 28000003 26000004 26000046 26000037 26000022 26000001 -1
1531562064 2C0L0VGP 28000001 26000046 28000008 28000004 28000011 26000004 26000022 26000011 1
1531252737 2C0L0VGP 26000041 26000017 26000022 26000006 28000008 26000020 26000023 26000026 3
1531556586 8922R8Q2 26000004 28000009 28000001 28000008 26000011 26000046 26000001 26000037 1
1531499218 CLQG82LP 28000011 26000055 26000057 26000037 26000000 28000001 26000011 28000004 1
1531500920 CLYVV0JU 28000008 26000055 27000006 28000004 26000019 26000046 26000037 28000003 -1
1531497578 PQPQ2URQ 28000000 27000006 26000055 26000022 26000000 26000046 26000001 26000037 1
1531288556 9YQUQ928 26000030 26000035 26000039 26000006 26000027 26000023 28000003 28000008 -3
1531517963 8GC8908Y 28000011 28000000 28000001 27000002 26000000 26000001 26000037 26000011 1
1531513832 QUG02C8 28000001 28000008 26000004 26000000 27000010 26000006 27000001 26000001 1
1531664914 820PVJR9 26000009 28000011 26000012 28000008 26000031 26000032 26000007 26000001 3
1531559093 2PPQJ2VCJ 26000046 28000002 28000000 26000055 28000008 28000011 28000004 26000022 -3
1531520253 229YQU9J 26000000 26000037 28000001 28000000 28000004 26000004 27000001 26000011 -1
1530637042 2CLVUC9UV 26000021 28000007 26000011 26000037 26000042 26000018 28000009 28000011 -1
1531117286 8G2VYLL 26000012 26000022 26000048 26000009 26000035 28000008 26000041 26000037 -1
1531556837 PCL2QYP2 26000004 28000009 28000000 28000008 26000011 26000046 26000001 26000037 1
1531515445 2CPRCURQJ 28000008 26000004 26000046 26000037 28000010 28000001 26000006 28000011 2
1531515194 2CPRCURQJ 28000008 28000000 26000046 26000037 26000055 26000000 26000006 28000011 -1
1531253078 2CPRCURQJ 26000035 26000041 26000000 27000003 28000003 28000011 26000026 26000040 1
1531557318 8Y98QPPVC 28000008 26000004 26000046 28000011 26000006 26000037 28000000 26000019 1
1531298704 8Y98QPPVC 28000008 26000030 26000049 26000026 26000035 26000006 28000011 26000027 -1
1531524364 2P8RQ9JQ8 26000000 28000008 27000006 28000000 26000011 26000004 26000046 26000001 -1
1531574586 2C2YUQ2R9 28000008 28000011 26000037 26000004 26000000 26000022 26000011 28000010 -1
1531310877 2C2YUQ2R9 28000008 26000041 26000000 26000017 26000039 28000011 26000027 28000010 1
1531129863 2C2YUQ2R9 28000008 26000041 26000000 26000009 26000037 28000009 26000022 26000035 1
1531665151 9200UJL2L 26000004 26000048 26000012 28000000 28000008 28000011 26000033 26000026 1
1531506863 2LUG0C09C 26000004 28000009 28000001 26000057 27000006 26000001 26000011 28000008 -3
1531504623 8RJ2ULJQV 28000001 28000008 26000004 28000004 26000001 27000006 28000003 26000037 1
1531292747 8RJ2ULJQV 28000004 26000041 28000011 27000003 28000003 26000026 26000000 26000039 1
1531294072 Y0YGY2Y8 28000010 26000026 26000006 28000004 26000017 26000040 26000041 27000001 -1
1531121344 Y0YGY2Y8 26000036 26000048 26000041 26000022 26000050 28000009 26000035 27000009 -1
1531557610 8QC0UUVG0 26000000 26000046 28000001 28000007 26000004 26000013 26000019 28000008 1
1531499013 828RVQJCL 28000008 26000022 26000011 26000020 28000011 26000046 26000055 26000000 -1
1531254615 828RVQJCL 26000035 26000041 26000000 28000008 26000020 28000011 26000026 26000027 3
1531552714 PLVY9J9R 26000037 26000055 26000004 28000008 26000046 26000011 26000001 28000004 -1
1531292003 PLVY9J9R 28000008 26000035 26000017 26000027 26000049 26000041 26000006 27000003 -1
1530599210 22C8UY8Y 28000008 26000012 26000004 26000046 26000035 26000039 26000052 27000010 3
1531563272 Q9G0LVC8 26000055 26000046 28000011 26000011 26000028 26000013 28000008 26000019 -3
1531142266 Q9G0LVC8 26000043 26000041 28000002 28000008 26000011 26000050 26000035 26000000 1
1531052338 2RP8R88Y8 26000032 26000037 26000043 28000007 28000008 26000025 26000015 26000022 1
1531504873 8G9VRCGGP 28000001 28000008 26000004 28000004 26000019 26000011 28000003 26000037 1
1529692331 2P2GJVCRP 26000020 26000045 26000015 26000048 26000041 26000008 28000001 26000030 -1
1530294433 90PGU8P 26000029 26000006 27000009 28000001 26000052 26000015 26000039 28000000 -1
1530180253 90PGU8P 26000004 28000009 28000008 26000023 26000026 26000050 26000035 26000049 1
1531593797 V0UVGVUJ 26000009 26000042 26000046 28000008 26000035 28000009 26000039 26000031 3
1531495716 9LVGRL80 28000001 26000046 28000008 28000004 28000011 26000055 28000000 26000011 1
1531255204 9LVGRL80 26000035 26000041 26000000 28000008 26000020 28000011 26000026 26000027 -1
1531558695 9VLG0GJP 26000004 28000008 26000001 28000001 26000037 26000046 26000000 28000004 2
1531508531 2QQQU9LYV 26000011 26000000 28000003 26000004 26000046 26000037 26000022 26000001 -1
1531562064 2C0L0VGP 28000001 26000046 28000008 28000004 28000011 26000004 26000022 26000011 1
1531252737 2C0L0VGP 26000041 26000017 26000022 26000006 28000008 26000020 26000023 26000026 3
1531499218 CLQG82LP 28000011 26000055 26000057 26000037 26000000 28000001 26000011 28000004 1
1531500920 CLYVV0JU 28000008 26000055 27000006 28000004 26000019 26000046 26000037 28000003 -1
1531497578 PQPQ2URQ 28000000 27000006 26000055 26000022 26000000 26000046 26000001 26000037 1
1531288556 9YQUQ928 26000030 26000035 26000039 26000006 26000027 26000023 28000003 28000008 -3
1531517963 8GC8908Y 28000011 28000000 28000001 27000002 26000000 26000001 26000037 26000011 1
1531513832 QUG02C8 28000001 28000008 26000004 26000000 27000010 26000006 27000001 26000001 1
1531664914 820PVJR9 26000009 28000011 26000012 28000008 26000031 26000032 26000007 26000001 3
1531559093 2PPQJ2VCJ 26000046 28000002 28000000 26000055 28000008 28000011 28000004 26000022 -3
1531520253 229YQU9J 26000000 26000037 28000001 28000000 28000004 26000004 27000001 26000011 -1
1530637042 2CLVUC9UV 26000021 28000007 26000011 26000037 26000042 26000018 28000009 28000011 -1
1531117286 8G2VYLL 26000012 26000022 26000048 26000009 26000035 28000008 26000041 26000037 -1
1531556837 PCL2QYP2 26000004 28000009 28000000 28000008 26000011 26000046 26000001 26000037 1
1531515445 2CPRCURQJ 28000008 26000004 26000046 26000037 28000010 28000001 26000006 28000011 2
1531515194 2CPRCURQJ 28000008 28000000 26000046 26000037 26000055 26000000 26000006 28000011 -1
1531253078 2CPRCURQJ 26000035 26000041 26000000 27000003 28000003 28000011 26000026 26000040 1
1531557318 8Y98QPPVC 28000008 26000004 26000046 28000011 26000006 26000037 28000000 26000019 1
1531298704 8Y98QPPVC 28000008 26000030 26000049 26000026 26000035 26000006 28000011 26000027 -1
1531524364 2P8RQ9JQ8 26000000 28000008 27000006 28000000 26000011 26000004 26000046 26000001 -1
1531574586 2C2YUQ2R9 28000008 28000011 26000037 26000004 26000000 26000022 26000011 28000010 -1
1531310877 2C2YUQ2R9 28000008 26000041 26000000 26000017 26000039 28000011 26000027 28000010 1
1531129863 2C2YUQ2R9 28000008 26000041 26000000 26000009 26000037 28000009 26000022 26000035 1
1531665151 9200UJL2L 26000004 26000048 26000012 28000000 28000008 28000011 26000033 26000026 1
1531506863 2LUG0C09C 26000004 28000009 28000001 26000057 27000006 26000001 26000011 28000008 -3
1531504623 8RJ2ULJQV 28000001 28000008 26000004 28000004 26000001 27000006 28000003 26000037 1
1531292747 8RJ2ULJQV 28000004 26000041 28000011 27000003 28000003 26000026 26000000 26000039 1
1531294072 Y0YGY2Y8 28000010 26000026 26000006 28000004 26000017 26000040 26000041 27000001 -1
1531121344 Y0YGY2Y8 26000036 26000048 26000041 26000022 26000050 28000009 26000035 27000009 -1
1531557610 8QC0UUVG0 26000000 26000046 28000001 28000007 26000004 26000013 26000019 28000008 1
1531499013 828RVQJCL 28000008 26000022 26000011 26000020 28000011 26000046 26000055 26000000 -1
1531254615 828RVQJCL 26000035 26000041 26000000 28000008 26000020 28000011 26000026 26000027 3
1531552714 PLVY9J9R 26000037 26000055 26000004 28000008 26000046 26000011 26000001 28000004 -1
1531292003 PLVY9J9R 28000008 26000035 26000017 26000027 26000049 26000041 26000006 27000003 -1
1530599210 22C8UY8Y 28000008 26000012 26000004 26000046 26000035 26000039 26000052 27000010 3
1531563272 Q9G0LVC8 26000055 26000046 28000011 26000011 26000028 26000013 28000008 26000019 -3
1531142266 Q9G0LVC8 26000043 26000041 28000002 28000008 26000011 26000050 26000035 26000000 1
1531052338 2RP8R88Y8 26000032 26000037 26000043 28000007 28000008 26000025 26000015 26000022 1
1531504873 8G9VRCGGP 28000001 28000008 26000004 28000004 26000019 26000011 28000003 26000037 1
1529692331 2P2GJVCRP 26000020 26000045 26000015 26000048 26000041 26000008 28000001 26000030 -1
1530294433 90PGU8P 26000029 26000006 27000009 28000001 26000052 26000015 26000039 28000000 -1
1530180253 90PGU8P 26000004 28000009 28000008 26000023 26000026 26000050 26000035 26000049 1
1531593797 V0UVGVUJ 26000009 26000042 26000046 28000008 26000035 28000009 26000039 26000031 3
1531495716 9LVGRL80 28000001 26000046 28000008 28000004 28000011 26000055 28000000 26000011 1
1531255204 9LVGRL80 26000035 26000041 26000000 28000008 26000020 28000011 26000026 26000027 -1
1531558695 9VLG0GJP 26000004 28000008 26000001 28000001 26000037 26000046 26000000 28000004 2
1531508531 2QQQU9LYV 26000011 26000000 28000003 26000004 26000046 26000037 26000022 26000001 -1
1531562064 2C0L0VGP 28000001 26000046 28000008 28000004 28000011 26000004 26000022 26000011 1
1531252737 2C0L0VGP 26000041 26000017 26000022 26000006 28000008 26000020 26000023 26000026 3
1531665895 8922R8Q2 27000002 26000031 26000007 28000008 28000011 26000004 26000049 26000018 1
1531499218 CLQG82LP 28000011 26000055 26000057 26000037 26000000 28000001 26000011 28000004 1
1531500920 CLYVV0JU 28000008 26000055 27000006 28000004 26000019 26000046 26000037 28000003 -1
1531497578 PQPQ2URQ 28000000 27000006 26000055 26000022 26000000 26000046 26000001 26000037 1
1531673395 28R82C022 28000008 26000004 28000012 26000007 26000021 26000001 26000012 28000000 1
1531675785 9YQUQ928 26000018 26000021 26000049 28000003 26000038 28000001 26000040 26000012 -1
1531288556 9YQUQ928 26000030 26000035 26000039 26000006 26000027 26000023 28000003 28000008 -3
1531517963 8GC8908Y 28000011 28000000 28000001 27000002 26000000 26000001 26000037 26000011 1
1531673671 QUG02C8 26000004 28000008 26000049 28000001 26000012 26000001 26000018 26000032 1
1531513832 QUG02C8 28000001 28000008 26000004 26000000 27000010 26000006 27000001 26000001 1
1531664914 820PVJR9 26000009 28000011 26000012 28000008 26000031 26000032 26000007 26000001 3
1531669511 LJ0P8G0 28000008 26000004 26000055 26000026 28000009 26000012 26000049 26000040 3
1531559093 2PPQJ2VCJ 26000046 28000002 28000000 26000055 28000008 28000011 28000004 26000022 -3
1531520253 229YQU9J 26000000 26000037 28000001 28000000 28000004 26000004 27000001 26000011 -1
1530637042 2CLVUC9UV 26000021 28000007 26000011 26000037 26000042 26000018 28000009 28000011 -1
1531117286 8G2VYLL 26000012 26000022 26000048 26000009 26000035 28000008 26000041 26000037 -1
1531556837 PCL2QYP2 26000004 28000009 28000000 28000008 26000011 26000046 26000001 26000037 1
1531670583 99PPJLY8 26000021 28000008 28000011 26000038 26000049 26000004 26000034 26000007 3
1531515445 2CPRCURQJ 28000008 26000004 26000046 26000037 28000010 28000001 26000006 28000011 2
1531515194 2CPRCURQJ 28000008 28000000 26000046 26000037 26000055 26000000 26000006 28000011 -1
1531253078 2CPRCURQJ 26000035 26000041 26000000 27000003 28000003 28000011 26000026 26000040 1
1531557318 8Y98QPPVC 28000008 26000004 26000046 28000011 26000006 26000037 28000000 26000019 1
1531298704 8Y98QPPVC 28000008 26000030 26000049 26000026 26000035 26000006 28000011 26000027 -1
1531670016 8V8009VJ 28000008 26000004 26000055 28000011 27000007 26000012 26000049 28000001 1
1531675587 2P8RQ9JQ8 26000004 26000026 28000000 28000008 26000031 26000007 26000018 28000001 -1
1531524364 2P8RQ9JQ8 26000000 28000008 27000006 28000000 26000011 26000004 26000046 26000001 -1
1531574586 2C2YUQ2R9 28000008 28000011 26000037 26000004 26000000 26000022 26000011 28000010 -1
1531310877 2C2YUQ2R9 28000008 26000041 26000000 26000017 26000039 28000011 26000027 28000010 1
1531129863 2C2YUQ2R9 28000008 26000041 26000000 26000009 26000037 28000009 26000022 26000035 1
1531665151 9200UJL2L 26000004 26000048 26000012 28000000 28000008 28000011 26000033 26000026 1
1531506863 2LUG0C09C 26000004 28000009 28000001 26000057 27000006 26000001 26000011 28000008 -3
1531504623 8RJ2ULJQV 28000001 28000008 26000004 28000004 26000001 27000006 28000003 26000037 1
1531292747 8RJ2ULJQV 28000004 26000041 28000011 27000003 28000003 26000026 26000000 26000039 1
1531294072 Y0YGY2Y8 28000010 26000026 26000006 28000004 26000017 26000040 26000041 27000001 -1
1531121344 Y0YGY2Y8 26000036 26000048 26000041 26000022 26000050 28000009 26000035 27000009 -1
1531557610 8QC0UUVG0 26000000 26000046 28000001 28000007 26000004 26000013 26000019 28000008 1
1531670347 828RVQJCL 28000008 26000004 26000055 26000026 28000009 26000012 26000049 26000040 -1
1531499013 828RVQJCL 28000008 26000022 26000011 26000020 28000011 26000046 26000055 26000000 -1
1531254615 828RVQJCL 26000035 26000041 26000000 28000008 26000020 28000011 26000026 26000027 3
1531675400 PLVY9J9R 26000055 26000012 28000008 26000049 26000004 26000026 26000048 26000018 -2
1531675182 PLVY9J9R 26000055 26000012 28000008 26000049 26000004 26000026 26000048 26000018 -1
1531552714 PLVY9J9R 26000037 26000055 26000004 28000008 26000046 26000011 26000001 28000004 -1
1531292003 PLVY9J9R 28000008 26000035 26000017 26000027 26000049 26000041 26000006 27000003 -1
1530599210 22C8UY8Y 28000008 26000012 26000004 26000046 26000035 26000039 26000052 27000010 3
1531563272 Q9G0LVC8 26000055 26000046 28000011 26000011 26000028 26000013 28000008 26000019 -3
1531142266 Q9G0LVC8 26000043 26000041 28000002 28000008 26000011 26000050 26000035 26000000 1
1531052338 2RP8R88Y8 26000032 26000037 26000043 28000007 28000008 26000025 26000015 26000022 1
1531504873 8G9VRCGGP 28000001 28000008 26000004 28000004 26000019 26000011 28000003 26000037 1
1529692331 2P2GJVCRP 26000020 26000045 26000015 26000048 26000041 26000008 28000001 26000030 -1
1530294433 90PGU8P 26000029 26000006 27000009 28000001 26000052 26000015 26000039 28000000 -1
1530180253 90PGU8P 26000004 28000009 28000008 26000023 26000026 26000050 26000035 26000049 1
1531593797 V0UVGVUJ 26000009 26000042 26000046 28000008 26000035 28000009 26000039 26000031 3
1531673080 9LVGRL80 28000008 26000004 26000055 26000026 28000009 26000012 26000049 26000040 1
1531495716 9LVGRL80 28000001 26000046 28000008 28000004 28000011 26000055 28000000 26000011 1
1531255204 9LVGRL80 26000035 26000041 26000000 28000008 26000020 28000011 26000026 26000027 -1
1531558695 9VLG0GJP 26000004 28000008 26000001 28000001 26000037 26000046 26000000 28000004 2
1531508531 2QQQU9LYV 26000011 26000000 28000003 26000004 26000046 26000037 26000022 26000001 -1
1531562064 2C0L0VGP 28000001 26000046 28000008 28000004 28000011 26000004 26000022 26000011 1
1531252737 2C0L0VGP 26000041 26000017 26000022 26000006 28000008 26000020 26000023 26000026 3
1531665895 8922R8Q2 27000002 26000031 26000007 28000008 28000011 26000004 26000049 26000018 1
1531499218 CLQG82LP 28000011 26000055 26000057 26000037 26000000 28000001 26000011 28000004 1
1531517963 8GC8908Y 28000011 28000000 28000001 27000002 26000000 26000001 26000037 26000011 1
1531677071 CLYVV0JU 28000008 28000003 26000055 26000018 26000012 26000032 26000026 26000001 -1
1531673671 QUG02C8 26000004 28000008 26000049 28000001 26000012 26000001 26000018 26000032 1
1531513832 QUG02C8 28000001 28000008 26000004 26000000 27000010 26000006 27000001 26000001 1
1531676741 2PU22P2GJ 28000008 28000000 26000021 26000004 26000007 26000040 26000049 26000048 3
1531497578 PQPQ2URQ 28000000 27000006 26000055 26000022 26000000 26000046 26000001 26000037 1
1531673395 28R82C022 28000008 26000004 28000012 26000007 26000021 26000001 26000012 28000000 1
1531675785 9YQUQ928 26000018 26000021 26000049 28000003 26000038 28000001 26000040 26000012 -1
1531288556 9YQUQ928 26000030 26000035 26000039 26000006 26000027 26000023 28000003 28000008 -3
1531664914 820PVJR9 26000009 28000011 26000012 28000008 26000031 26000032 26000007 26000001 3
1531683314 9PG8QRGV 26000007 27000001 26000012 26000019 28000009 26000055 28000008 26000026 -1
1531669511 LJ0P8G0 28000008 26000004 26000055 26000026 28000009 26000012 26000049 26000040 3
1531559093 2PPQJ2VCJ 26000046 28000002 28000000 26000055 28000008 28000011 28000004 26000022 -3
1531680787 229YQU9J 26000032 28000001 26000021 28000000 26000018 26000012 26000004 26000040 1
1531520253 229YQU9J 26000000 26000037 28000001 28000000 28000004 26000004 27000001 26000011 -1
1531676116 2CLVUC9UV 28000008 26000012 26000004 28000011 28000012 26000032 26000021 26000033 1
1530637042 2CLVUC9UV 26000021 28000007 26000011 26000037 26000042 26000018 28000009 28000011 -1
1531117286 8G2VYLL 26000012 26000022 26000048 26000009 26000035 28000008 26000041 26000037 -1
1531670016 8V8009VJ 28000008 26000004 26000055 28000011 27000007 26000012 26000049 28000001 1
1531556837 PCL2QYP2 26000004 28000009 28000000 28000008 26000011 26000046 26000001 26000037 1
1531670583 99PPJLY8 26000021 28000008 28000011 26000038 26000049 26000004 26000034 26000007 3
1531515445 2CPRCURQJ 28000008 26000004 26000046 26000037 28000010 28000001 26000006 28000011 2
1531515194 2CPRCURQJ 28000008 28000000 26000046 26000037 26000055 26000000 26000006 28000011 -1
1531253078 2CPRCURQJ 26000035 26000041 26000000 27000003 28000003 28000011 26000026 26000040 1
1531557318 8Y98QPPVC 28000008 26000004 26000046 28000011 26000006 26000037 28000000 26000019 1
1531298704 8Y98QPPVC 28000008 26000030 26000049 26000026 26000035 26000006 28000011 26000027 -1
1531675587 2P8RQ9JQ8 26000004 26000026 28000000 28000008 26000031 26000007 26000018 28000001 -1
1531524364 2P8RQ9JQ8 26000000 28000008 27000006 28000000 26000011 26000004 26000046 26000001 -1
1531562213 8G2UU0C9L 26000042 26000023 26000041 26000004 28000000 26000021 28000008 26000032 -1
1531574586 2C2YUQ2R9 28000008 28000011 26000037 26000004 26000000 26000022 26000011 28000010 -1
1531310877 2C2YUQ2R9 28000008 26000041 26000000 26000017 26000039 28000011 26000027 28000010 1
1531129863 2C2YUQ2R9 28000008 26000041 26000000 26000009 26000037 28000009 26000022 26000035 1
1531665151 9200UJL2L 26000004 26000048 26000012 28000000 28000008 28000011 26000033 26000026 1
1531506863 2LUG0C09C 26000004 28000009 28000001 26000057 27000006 26000001 26000011 28000008 -3
1531504623 8RJ2ULJQV 28000001 28000008 26000004 28000004 26000001 27000006 28000003 26000037 1
1531292747 8RJ2ULJQV 28000004 26000041 28000011 27000003 28000003 26000026 26000000 26000039 1
1531294072 Y0YGY2Y8 28000010 26000026 26000006 28000004 26000017 26000040 26000041 27000001 -1
1531121344 Y0YGY2Y8 26000036 26000048 26000041 26000022 26000050 28000009 26000035 27000009 -1
1531557610 8QC0UUVG0 26000000 26000046 28000001 28000007 26000004 26000013 26000019 28000008 1
1531670347 828RVQJCL 28000008 26000004 26000055 26000026 28000009 26000012 26000049 26000040 -1
1531499013 828RVQJCL 28000008 26000022 26000011 26000020 28000011 26000046 26000055 26000000 -1
1531254615 828RVQJCL 26000035 26000041 26000000 28000008 26000020 28000011 26000026 26000027 3
1531675400 PLVY9J9R 26000055 26000012 28000008 26000049 26000004 26000026 26000048 26000018 -2
1531675182 PLVY9J9R 26000055 26000012 28000008 26000049 26000004 26000026 26000048 26000018 -1
1531552714 PLVY9J9R 26000037 26000055 26000004 28000008 26000046 26000011 26000001 28000004 -1
1531292003 PLVY9J9R 28000008 26000035 26000017 26000027 26000049 26000041 26000006 27000003 -1
1530599210 22C8UY8Y 28000008 26000012 26000004 26000046 26000035 26000039 26000052 27000010 3
1531563272 Q9G0LVC8 26000055 26000046 28000011 26000011 26000028 26000013 28000008 26000019 -3
1531142266 Q9G0LVC8 26000043 26000041 28000002 28000008 26000011 26000050 26000035 26000000 1
1531052338 2RP8R88Y8 26000032 26000037 26000043 28000007 28000008 26000025 26000015 26000022 1
1531504873 8G9VRCGGP 28000001 28000008 26000004 28000004 26000019 26000011 28000003 26000037 1
1529692331 2P2GJVCRP 26000020 26000045 26000015 26000048 26000041 26000008 28000001 26000030 -1
1530294433 90PGU8P 26000029 26000006 27000009 28000001 26000052 26000015 26000039 28000000 -1
1530180253 90PGU8P 26000004 28000009 28000008 26000023 26000026 26000050 26000035 26000049 1
1531593797 V0UVGVUJ 26000009 26000042 26000046 28000008 26000035 28000009 26000039 26000031 3
1531673080 9LVGRL80 28000008 26000004 26000055 26000026 28000009 26000012 26000049 26000040 1
1531495716 9LVGRL80 28000001 26000046 28000008 28000004 28000011 26000055 28000000 26000011 1
1531683955 UCL20R22 26000021 26000009 26000048 26000049 26000004 28000001 26000012 28000011 -1
1531678028 9VLG0GJP 26000004 28000012 26000026 28000008 26000001 26000032 26000048 28000011 1
1531558695 9VLG0GJP 26000004 28000008 26000001 28000001 26000037 26000046 26000000 28000004 2
1531508531 2QQQU9LYV 26000011 26000000 28000003 26000004 26000046 26000037 26000022 26000001 -1
1531562064 2C0L0VGP 28000001 26000046 28000008 28000004 28000011 26000004 26000022 26000011 1
1531252737 2C0L0VGP 26000041 26000017 26000022 26000006 28000008 26000020 26000023 26000026 3
1531665895 8922R8Q2 27000002 26000031 26000007 28000008 28000011 26000004 26000049 26000018 1
1531499218 CLQG82LP 28000011 26000055 26000057 26000037 26000000 28000001 26000011 28000004 1
1531517963 8GC8908Y 28000011 28000000 28000001 27000002 26000000 26000001 26000037 26000011 1
1531677071 CLYVV0JU 28000008 28000003 26000055 26000018 26000012 26000032 26000026 26000001 -1
1531673671 QUG02C8 26000004 28000008 26000049 28000001 26000012 26000001 26000018 26000032 1
1531513832 QUG02C8 28000001 28000008 26000004 26000000 27000010 26000006 27000001 26000001 1
1531676741 2PU22P2GJ 28000008 28000000 26000021 26000004 26000007 26000040 26000049 26000048 3
1531497578 PQPQ2URQ 28000000 27000006 26000055 26000022 26000000 26000046 26000001 26000037 1
1531673395 28R82C022 28000008 26000004 28000012 26000007 26000021 26000001 26000012 28000000 1
1531675785 9YQUQ928 26000018 26000021 26000049 28000003 26000038 28000001 26000040 26000012 -1
1531288556 9YQUQ928 26000030 26000035 26000039 26000006 26000027 26000023 28000003 28000008 -3
1531664914 820PVJR9 26000009 28000011 26000012 28000008 26000031 26000032 26000007 26000001 3
1531683314 9PG8QRGV 26000007 27000001 26000012 26000019 28000009 26000055 28000008 26000026 -1
1531669511 LJ0P8G0 28000008 26000004 26000055 26000026 28000009 26000012 26000049 26000040 3
1531559093 2PPQJ2VCJ 26000046 28000002 28000000 26000055 28000008 28000011 28000004 26000022 -3
1531680787 229YQU9J 26000032 28000001 26000021 28000000 26000018 26000012 26000004 26000040 1
1531520253 229YQU9J 26000000 26000037 28000001 28000000 28000004 26000004 27000001 26000011 -1
1531676116 2CLVUC9UV 28000008 26000012 26000004 28000011 28000012 26000032 26000021 26000033 1
1530637042 2CLVUC9UV 26000021 28000007 26000011 26000037 26000042 26000018 28000009 28000011 -1
1531117286 8G2VYLL 26000012 26000022 26000048 26000009 26000035 28000008 26000041 26000037 -1
1531670016 8V8009VJ 28000008 26000004 26000055 28000011 27000007 26000012 26000049 28000001 1
1531556837 PCL2QYP2 26000004 28000009 28000000 28000008 26000011 26000046 26000001 26000037 1
1531670583 99PPJLY8 26000021 28000008 28000011 26000038 26000049 26000004 26000034 26000007 3
1531515445 2CPRCURQJ 28000008 26000004 26000046 26000037 28000010 28000001 26000006 28000011 2
1531515194 2CPRCURQJ 28000008 28000000 26000046 26000037 26000055 26000000 26000006 28000011 -1
1531253078 2CPRCURQJ 26000035 26000041 26000000 27000003 28000003 28000011 26000026 26000040 1
1531557318 8Y98QPPVC 28000008 26000004 26000046 28000011 26000006 26000037 28000000 26000019 1
1531298704 8Y98QPPVC 28000008 26000030 26000049 26000026 26000035 26000006 28000011 26000027 -1
1531675587 2P8RQ9JQ8 26000004 26000026 28000000 28000008 26000031 26000007 26000018 28000001 -1
1531524364 2P8RQ9JQ8 26000000 28000008 27000006 28000000 26000011 26000004 26000046 26000001 -1
1531562213 8G2UU0C9L 26000042 26000023 26000041 26000004 28000000 26000021 28000008 26000032 -1
1531574586 2C2YUQ2R9 28000008 28000011 26000037 26000004 26000000 26000022 26000011 28000010 -1
1531310877 2C2YUQ2R9 28000008 26000041 26000000 26000017 26000039 28000011 26000027 28000010 1
1531129863 2C2YUQ2R9 28000008 26000041 26000000 26000009 26000037 28000009 26000022 26000035 1
1531665151 9200UJL2L 26000004 26000048 26000012 28000000 28000008 28000011 26000033 26000026 1
1531506863 2LUG0C09C 26000004 28000009 28000001 26000057 27000006 26000001 26000011 28000008 -3
1531504623 8RJ2ULJQV 28000001 28000008 26000004 28000004 26000001 27000006 28000003 26000037 1
1531292747 8RJ2ULJQV 28000004 26000041 28000011 27000003 28000003 26000026 26000000 26000039 1
1531294072 Y0YGY2Y8 28000010 26000026 26000006 28000004 26000017 26000040 26000041 27000001 -1
1531121344 Y0YGY2Y8 26000036 26000048 26000041 26000022 26000050 28000009 26000035 27000009 -1
1531557610 8QC0UUVG0 26000000 26000046 28000001 28000007 26000004 26000013 26000019 28000008 1
1531670347 828RVQJCL 28000008 26000004 26000055 26000026 28000009 26000012 26000049 26000040 -1
1531499013 828RVQJCL 28000008 26000022 26000011 26000020 28000011 26000046 26000055 26000000 -1
1531254615 828RVQJCL 26000035 26000041 26000000 28000008 26000020 28000011 26000026 26000027 3
1531675400 PLVY9J9R 26000055 26000012 28000008 26000049 26000004 26000026 26000048 26000018 -2
1531675182 PLVY9J9R 26000055 26000012 28000008 26000049 26000004 26000026 26000048 26000018 -1
1531552714 PLVY9J9R 26000037 26000055 26000004 28000008 26000046 26000011 26000001 28000004 -1
1531292003 PLVY9J9R 28000008 26000035 26000017 26000027 26000049 26000041 26000006 27000003 -1
1530599210 22C8UY8Y 28000008 26000012 26000004 26000046 26000035 26000039 26000052 27000010 3
1531563272 Q9G0LVC8 26000055 26000046 28000011 26000011 26000028 26000013 28000008 26000019 -3
1531142266 Q9G0LVC8 26000043 26000041 28000002 28000008 26000011 26000050 26000035 26000000 1
1531052338 2RP8R88Y8 26000032 26000037 26000043 28000007 28000008 26000025 26000015 26000022 1
1531504873 8G9VRCGGP 28000001 28000008 26000004 28000004 26000019 26000011 28000003 26000037 1
1529692331 2P2GJVCRP 26000020 26000045 26000015 26000048 26000041 26000008 28000001 26000030 -1
1530294433 90PGU8P 26000029 26000006 27000009 28000001 26000052 26000015 26000039 28000000 -1
1530180253 90PGU8P 26000004 28000009 28000008 26000023 26000026 26000050 26000035 26000049 1
1531593797 V0UVGVUJ 26000009 26000042 26000046 28000008 26000035 28000009 26000039 26000031 3
1531673080 9LVGRL80 28000008 26000004 26000055 26000026 28000009 26000012 26000049 26000040 1
1531495716 9LVGRL80 28000001 26000046 28000008 28000004 28000011 26000055 28000000 26000011 1
1531683955 UCL20R22 26000021 26000009 26000048 26000049 26000004 28000001 26000012 28000011 -1
1531678028 9VLG0GJP 26000004 28000012 26000026 28000008 26000001 26000032 26000048 28000011 1
1531558695 9VLG0GJP 26000004 28000008 26000001 28000001 26000037 26000046 26000000 28000004 2
1531508531 2QQQU9LYV 26000011 26000000 28000003 26000004 26000046 26000037 26000022 26000001 -1
1531562064 2C0L0VGP 28000001 26000046 28000008 28000004 28000011 26000004 26000022 26000011 1
1531252737 2C0L0VGP 26000041 26000017 26000022 26000006 28000008 26000020 26000023 26000026 3
1531685736 20VUQ8UL9 26000001 26000009 26000048 26000031 26000026 27000007 26000019 28000009 1
1531686459 LQL99J2U 26000009 26000048 26000007 28000000 26000040 26000026 28000012 26000049 1
1531691751 CLQG82LP 28000011 26000032 28000009 26000055 26000018 26000012 26000021 28000008 -1
1531724025 PQPQ2URQ 26000055 26000026 28000000 26000021 26000007 26000040 26000018 26000049 -1
1531750156 9CUYJJ8G 26000009 26000048 27000009 26000049 28000011 28000009 26000012 26000018 -1
1531686265 QR0U8U2P 28000011 28000008 26000032 26000040 27000007 26000012 26000033 26000009 2
1531686019 8Y98QPPVC 28000008 26000049 26000004 26000026 28000011 26000012 26000038 28000000 -1
1531694865 2C2YUQ2R9 28000008 28000009 26000021 26000004 26000049 26000007 26000012 26000018 1
1531699952 2LUG0C09C 26000009 27000007 26000048 28000009 26000031 28000008 26000040 26000049 -1
1531699625 2LUG0C09C 26000018 26000021 26000049 28000003 26000038 28000001 26000040 26000012 -2
1531696468 8RJ2ULJQV 28000008 26000004 28000001 28000003 26000001 26000007 27000009 26000012 0
1531721561 8G9VRCGGP 26000033 28000012 28000011 26000049 28000008 26000055 26000026 26000012 -1
1531716074 90PGU8P 28000009 26000049 28000008 26000055 26000038 26000021 26000012 26000018 1
1531842022 8922R8Q2 26000004 27000010 26000007 28000007 28000011 26000015 26000002 26000049 -1
1531840100 820PVJR9 28000011 26000022 27000003 26000004 26000041 26000026 26000007 26000015 -1
1531839892 CLYVV0JU 28000001 26000004 28000003 28000011 27000006 26000041 27000003 26000055 0
1531839501 CLYVV0JU 28000001 26000004 28000003 28000011 27000006 26000041 27000003 26000055 1
1531841394 QUG02C8 28000001 26000004 26000049 26000015 27000010 27000003 26000024 28000011 1
1531840760 9YQUQ928 26000004 28000011 28000003 26000002 26000014 26000054 26000007 27000006 3
1531838740 9200UJL2L 26000015 26000004 28000011 26000007 26000062 28000000 26000026 26000038 1
1531838266 9200UJL2L 26000015 26000004 28000011 26000007 26000062 28000000 26000026 26000038 1
1531838057 8V8009VJ 27000006 26000041 26000022 27000007 26000004 28000001 26000010 28000011 1
1531837801 8G2UU0C9L 28000011 26000004 28000001 27000010 26000041 26000026 26000014 26000055 -1
1531841058 9LVGRL80 26000004 28000011 28000003 26000002 26000014 26000054 26000007 27000006 -1
1531838480 9VLG0GJP 26000004 28000001 26000026 26000007 26000041 26000038 26000044 26000010 1
1532013989 8922R8Q2 26000030 26000025 26000049 26000031 26000033 26000024 28000007 28000008 1
1531902176 20VUQ8UL9 26000015 26000014 28000000 26000004 27000010 26000030 26000026 28000001 3
1532016733 LQL99J2U 26000029 26000022 28000001 26000025 26000049 27000009 26000018 26000017 1
1531919786 8GC8908Y 28000011 28000000 27000010 26000038 26000004 26000014 26000041 26000062 -1
1532017483 2PU22P2GJ 28000008 28000001 26000021 26000031 26000017 26000025 28000004 26000020 -1
1531857235 2PU22P2GJ 28000011 28000000 26000004 26000041 26000026 26000007 26000049 26000024 -1
1531892246 9PG8QRGV 26000007 26000041 26000024 26000022 27000010 28000007 26000026 26000049 1
1532017189 QUG02C8 26000049 28000008 28000001 26000017 27000010 26000012 26000024 26000018 -1
1532019731 LJ0P8G0 28000008 27000009 26000021 26000017 26000018 26000012 26000026 26000048 2
1531872866 28R82C022 26000041 26000004 26000026 28000011 28000000 26000049 26000014 26000007 1
1531858356 99PPJLY8 26000004 26000033 26000015 26000007 28000011 26000049 26000038 27000010 -1
1532015824 820PVJR9 28000008 28000004 26000012 26000021 26000022 26000031 26000017 27000003 1
1532018423 2CLVUC9UV 26000012 26000017 28000004 26000021 26000018 28000007 28000008 27000003 -2
1531853742 2CPRCURQJ 28000001 27000003 26000026 28000011 26000041 26000062 26000055 26000015 -1
1531863295 2PPQJ2VCJ 26000030 28000000 26000024 28000013 26000015 27000006 26000041 28000011 1
1532016927 9VLG0GJP 26000020 26000018 28000004 28000008 26000017 26000025 28000012 28000007 2
1531870560 229YQU9J 26000015 26000059 26000007 28000000 28000001 27000006 26000014 26000019 -3
1532023395 9200UJL2L 26000012 28000008 26000017 28000011 26000026 26000033 28000012 26000025 3
1532021127 UCL20R22 28000001 27000003 26000012 28000004 28000011 28000008 26000017 26000021 1
1531854855 2P8RQ9JQ8 26000041 28000001 28000000 26000004 26000007 26000026 27000006 26000030 -3
1531869328 2C2YUQ2R9 26000041 28000001 28000011 26000004 26000034 26000022 26000062 26000014 1
1532016514 8R00Y2820 26000049 28000008 28000012 26000017 27000001 26000012 26000024 26000018 -1
1531910728 Y0YGY2Y8 26000026 28000011 26000054 26000015 28000000 28000001 26000041 26000055 -1
1531910940 8Y98QPPVC 26000030 26000049 26000004 26000026 26000062 28000011 28000000 26000041 1
1531858654 8QC0UUVG0 26000041 28000001 28000007 27000003 26000019 26000033 28000011 26000014 -1
1532018226 9LVGRL80 28000001 27000003 26000012 26000025 26000029 28000008 26000022 26000021 -2
1532019996 828RVQJCL 28000008 26000020 28000011 26000026 28000010 26000012 26000022 26000040 -1
1532018640 8RJ2ULJQV 28000008 27000003 28000004 26000021 26000012 28000003 26000018 26000026 2
1531856161 8RJ2ULJQV 26000026 26000041 26000004 28000011 26000007 28000000 27000006 28000001 -1
1531844920 PJ9Y2R0U 28000011 26000022 27000003 26000004 26000041 26000026 26000007 26000015 1
1531846368 90PGU8P 26000055 26000038 28000000 26000002 28000001 26000049 26000022 26000059 -1
1531854585 V0UVGVUJ 28000011 28000003 26000062 26000055 26000022 26000041 27000010 26000026 -1
1532014469 2C0L0VGP 26000021 26000018 28000011 26000049 26000012 28000008 26000022 26000017 -1
1532030424 20VUQ8UL9 28000001 26000031 26000048 27000010 26000020 28000008 26000026 26000025 1
1532034506 CLQG82LP 28000011 26000025 26000024 26000012 28000001 26000053 26000049 26000033 1
1532092750 8GC8908Y 28000011 28000003 27000000 26000021 26000040 26000049 26000031 26000018 -1
1532070380 9PG8QRGV 28000007 26000022 26000024 26000017 27000010 28000008 26000018 26000040 1
1532031197 8V8009VJ 26000049 28000008 26000022 28000004 28000011 26000025 26000021 26000020 1
1532073009 CLYVV0JU 28000003 26000018 28000004 26000020 26000012 27000003 26000017 28000008 1
1532083682 99PPJLY8 28000008 26000022 28000011 26000049 26000024 27000003 26000025 26000018 3
1532027587 9YQUQ928 28000011 28000012 28000003 26000021 26000018 26000017 26000030 26000012 -1
1532081639 2LUG0C09C 28000004 28000003 26000026 26000040 27000003 26000018 28000008 26000025 -2
1532068557 229YQU9J 28000001 26000021 26000018 28000004 26000020 26000040 26000022 28000007 1
1532028382 QR0U8U2P 26000018 26000021 27000010 28000008 28000011 26000025 28000004 26000017 1
1532043905 8G2UU0C9L 26000021 26000017 27000010 28000011 26000026 26000053 26000025 28000008 -1
1532043361 2C2YUQ2R9 28000011 28000008 26000021 26000017 26000012 26000018 27000003 26000022 1
1532072729 2RP8R88Y8 26000031 26000030 26000024 26000033 28000012 26000040 26000049 26000025 1
1532030091 8Y98QPPVC 28000008 26000030 26000049 26000026 28000011 26000033 26000053 26000012 -1
1532068908 90PGU8P 28000008 26000021 26000018 28000004 26000049 27000000 26000012 28000003 1
1532187247 8922R8Q2 26000014 26000004 28000015 27000008 28000001 26000018 26000031 26000030 1
1532242100 2PU22P2GJ 28000001 28000007 26000004 26000021 26000035 26000048 26000026 26000031 1
1532187631 2CLVUC9UV 26000004 27000006 26000042 26000035 28000007 26000027 26000026 26000014 -1
1532191829 CLQG82LP 26000024 26000026 26000000 26000042 26000018 26000014 28000001 26000035 3
1532247471 8V8009VJ 26000000 27000006 26000043 26000004 26000030 28000001 27000009 26000027 1
1532251372 CLYVV0JU 27000006 26000018 28000001 26000043 26000042 26000004 26000035 26000026 1
1532188436 QUG02C8 26000035 26000004 28000001 27000010 26000000 26000042 26000018 27000001 3
1532252189 LJ0P8G0 26000004 26000021 27000009 26000035 26000027 26000042 28000001 26000040 -1
1532189699 9VLG0GJP 26000004 26000026 26000042 28000001 26000035 26000030 26000000 26000048 1
1532194702 9YQUQ928 26000004 26000018 26000021 26000040 26000014 28000001 28000007 27000006 1
1532189490 2CPRCURQJ 26000016 26000027 26000015 26000000 28000001 26000062 26000035 26000042 2
1532190995 9PG8QRGV 26000024 26000042 26000062 28000001 28000007 26000043 27000010 26000018 -2
1532193816 9200UJL2L 26000004 26000035 26000015 26000027 26000042 26000062 26000026 28000001 3
1532192922 229YQU9J 26000000 26000018 26000021 26000015 28000001 26000008 26000027 26000040 1
1532245425 8G9VRCGGP 26000035 26000004 28000001 27000010 26000000 26000042 26000018 26000026 -1
1532243012 UCL20R22 28000001 26000035 26000004 26000015 27000006 26000042 26000048 26000021 1
1532200561 8RJ2ULJQV 28000001 26000015 26000035 26000042 28000007 26000004 26000026 26000014 0
1532190379 9LVGRL80 27000006 26000018 28000001 26000043 26000042 26000004 26000021 26000031 1
1532196433 2RVGVL2GL 26000014 28000001 26000026 26000021 27000006 26000030 26000018 26000000 1
1532197652 8R00Y2820 26000014 26000004 28000015 27000008 28000001 26000018 26000031 26000030 -1
1532202726 8G2UU0C9L 26000004 28000001 26000035 26000026 26000021 26000042 26000027 26000014 -1
1532206024 2RP8R88Y8 26000000 26000031 26000035 28000001 26000042 26000062 26000040 26000024 1
1532203852 Y0YGY2Y8 26000029 26000040 26000026 26000042 26000015 28000001 26000062 28000007 1
1532188132 8Y98QPPVC 26000030 26000004 26000042 26000026 26000016 26000038 26000035 26000062 1
1532243403 90PGU8P 26000021 26000038 27000006 26000035 26000018 26000014 28000007 26000000 -3
1532009087 LQ90RU8Q 26000041 28000008 28000004 26000004 26000037 26000015 26000046 26000062 -2
1532258425 99PPJLY8 26000035 26000048 26000004 26000015 28000001 26000014 27000006 26000021 -1
1532262212 2PPQJ2VCJ 26000030 26000021 26000035 26000015 26000031 27000006 26000018 28000001 -1
1532254643 2LUG0C09C 27000008 26000000 27000006 26000030 26000014 26000018 26000040 28000001 1
1532260598 2C2YUQ2R9 28000001 26000004 26000021 26000014 26000015 26000042 26000000 26000027 -1
1532254450 2P8RQ9JQ8 26000004 26000026 26000042 26000031 26000000 26000015 28000001 27000006 1
1532369047 20VUQ8UL9 26000005 26000001 28000000 26000048 26000004 26000026 26000032 28000009 1
1532413172 LQL99J2U 26000004 26000032 26000022 26000021 26000019 26000041 28000008 26000037 2
1532425603 2PU22P2GJ 28000008 28000000 26000004 26000017 26000021 26000041 26000037 26000048 1
1532426486 9PG8QRGV 26000007 26000024 26000022 26000041 28000002 26000037 28000008 27000001 -1
1532436731 28R82C022 28000008 26000041 26000004 26000026 26000007 28000000 26000036 26000048 3
1532432866 2L98RYC2J 26000004 26000041 26000050 26000005 26000032 28000009 28000008 26000026 -1
1532379272 8V8009VJ 28000008 26000032 26000021 26000004 26000037 26000050 26000041 26000017 1
1532426086 CLYVV0JU 28000008 26000001 27000003 26000004 26000041 26000017 26000021 28000003 -1
1532369344 QUG02C8 28000008 26000017 26000004 28000007 26000026 26000041 26000024 26000001 1
1532374596 8R00Y2820 26000041 28000007 26000004 26000015 26000019 26000062 26000032 28000008 -2
1532414203 8G9VRCGGP 26000004 26000017 26000026 28000008 26000041 26000005 26000032 26000016 -1
1532361091 9YQUQ928 26000004 28000003 26000021 28000008 26000002 26000037 26000015 26000041 1
1532360368 820PVJR9 26000041 28000008 26000007 26000021 26000005 26000032 26000008 26000004 1
1532435466 2PPQJ2VCJ 28000008 26000021 26000015 26000005 28000002 27000000 26000041 26000032 -2
1532362069 9LVGRL80 26000004 28000008 26000021 26000037 26000017 26000016 26000050 26000041 1
1532371553 9200UJL2L 26000004 28000000 26000017 28000008 26000050 26000062 26000015 26000026 1
1532364186 229YQU9J 26000037 26000021 28000000 26000019 26000004 26000032 28000008 28000007 -1
1532372909 8RJ2ULJQV 28000008 26000041 28000000 26000004 26000007 26000026 28000005 26000021 1
1532420100 2RVGVL2GL 26000021 26000041 28000008 28000000 26000026 26000005 27000003 26000032 2
1532364491 QR0U8U2P 26000032 26000021 28000008 28000015 26000017 26000041 27000001 26000050 1
1532374163 8QC0UUVG0 26000041 28000007 26000004 26000015 26000019 26000062 26000032 28000008 1
1532359698 8PLPLLYJJ 28000000 26000022 26000017 26000041 28000008 26000004 26000062 28000009 -1
1532386205 2C2YUQ2R9 28000008 26000017 26000037 26000041 26000004 26000021 28000009 26000032 3
1532371182 8ULGR0V0G 28000008 26000026 26000017 26000004 26000015 26000037 26000016 26000048 1
1532360110 LQ90RU8Q 28000008 26000004 27000003 26000041 26000026 26000021 26000062 26000050 1
1532363196 828RVQJCL 28000008 26000041 26000032 26000048 26000004 26000026 26000037 26000022 -1
1532385361 8Y98QPPVC 28000008 26000004 26000037 26000062 26000026 26000016 28000000 26000032 1
1532380509 PJ9Y2R0U 26000003 28000009 26000016 26000007 28000008 26000022 26000041 26000005 -1
1532536624 8922R8Q2 26000004 26000033 28000008 28000000 26000002 26000030 26000022 26000045 1
1532536624 8922R8Q2 26000004 26000033 28000008 28000000 26000002 26000030 26000022 26000045 1
1532591509 2PU22P2GJ 28000008 28000000 26000004 26000017 26000021 26000012 26000046 26000026 1
1532535388 9PG8QRGV 28000008 26000024 26000022 26000043 26000012 26000017 28000002 28000000 1
1532543335 99PPJLY8 26000002 28000008 26000004 26000045 26000026 28000000 26000021 27000006 1
1532538992 28R82C022 28000008 26000004 26000045 26000012 26000021 26000030 28000000 26000052 1
1532534215 QUG02C8 26000004 26000017 26000012 28000008 28000001 28000006 26000045 26000043 1
1532575819 9YQUQ928 26000004 26000045 26000021 28000003 28000008 26000002 26000030 26000026 -1
1532547774 CLQG82LP 26000055 26000024 28000001 28000009 26000045 26000012 26000002 26000026 1
1532614900 2L98RYC2J 26000004 26000046 26000026 26000012 26000030 28000008 28000009 26000055 0
1532535817 8CRUR2RVP 28000008 26000029 26000006 26000002 26000045 26000030 26000046 28000009 1
1532537047 9LVGRL80 26000004 26000017 28000001 28000008 26000012 26000045 26000043 27000003 1
1532546869 9VLG0GJP 26000004 26000045 26000046 26000030 26000012 28000008 28000001 26000006 1
1532586446 2RVGVL2GL 28000008 26000021 26000030 27000006 28000000 26000055 26000026 26000046 -1
1532539207 9200UJL2L 28000008 28000000 26000017 26000012 26000004 26000046 26000062 26000026 3
1532554483 8RJ2ULJQV 28000008 27000006 26000012 26000003 26000006 26000026 28000000 26000045 1
1532547259 8Y98QPPVC 28000008 26000030 26000046 26000004 26000026 26000062 26000012 26000055 3
1532549418 8ULGR0V0G 28000008 26000012 26000004 26000017 26000026 28000006 28000003 26000033 1
1532584945 QR0U8U2P 26000021 28000008 26000012 28000015 26000033 26000017 26000003 26000062 -1
1532537246 8QC0UUVG0 26000046 26000012 28000001 27000003 26000029 26000056 27000009 26000031 -1
1532609970 2C2YUQ2R9 28000008 26000002 26000021 26000017 26000012 26000004 26000022 28000009 2
1532592697 2RP8R88Y8 26000062 26000004 26000046 28000001 26000030 27000006 26000054 28000003 1
1532541168 90PGU8P 26000055 28000008 26000021 26000002 28000009 26000046 26000030 27000006 1
1532718056 8922R8Q2 26000004 27000008 28000009 28000011 26000030 26000037 26000001 26000011 1
1532709692 LQL99J2U 26000046 26000038 26000049 28000011 26000037 26000050 26000022 26000036 1
1532759016 2PU22P2GJ 28000011 28000000 26000004 26000007 26000037 26000011 26000036 26000031 1
1532714864 20VUQ8UL9 26000004 27000010 26000001 26000005 28000001 26000031 26000030 28000000 1
1532729699 89CPYGYGG 26000005 26000046 28000011 26000007 26000012 26000062 27000003 26000011 1
1532717843 28R82C022 28000012 26000004 28000011 26000007 26000036 26000001 26000030 26000012 3
1532712402 CLQG82LP 28000011 26000000 28000009 26000024 26000037 26000011 28000001 26000012 1
1532714547 8V8009VJ 26000030 26000049 26000000 26000022 26000043 26000004 28000001 28000011 -1
1532756112 229YQU9J 26000000 26000037 26000036 26000003 28000007 28000000 28000001 26000011 1
1532760531 99PPJLY8 28000011 26000004 28000001 26000007 26000005 26000036 26000031 26000046 1
1532712608 CLYVV0JU 26000004 26000037 26000012 26000036 26000043 27000003 26000020 28000001 -1
1532712135 QUG02C8 26000004 27000010 26000012 26000049 28000012 28000001 26000001 26000050 -1
1532720489 LJ0P8G0 26000004 26000037 28000011 26000050 28000009 26000012 26000005 26000007 -1
1532778388 PCL2QYP2 26000003 26000033 28000011 28000000 26000046 26000022 26000030 26000062 -1
1532708695 2CLVUC9UV 28000011 26000012 26000004 26000014 26000050 26000037 28000009 26000006 1
1532709882 820PVJR9 26000012 26000007 26000043 26000004 26000001 28000011 26000005 26000031 -1
1532721118 8R00Y2820 26000003 26000028 26000036 26000022 26000049 28000011 26000012 28000000 -1
1532756330 9YQUQ928 26000004 28000011 26000011 26000014 26000001 28000000 26000049 26000030 1
1532709061 8CRUR2RVP 28000012 26000062 26000004 26000006 26000049 28000011 26000030 28000009 -1
1532713179 828RVQJCL 26000022 28000001 26000011 26000012 26000020 26000046 26000037 26000000 -1
1532720680 28UVQQLCU 26000004 28000012 26000036 28000011 26000050 28000009 26000037 26000046 -2
1532714328 9LVGRL80 26000004 26000037 26000012 28000011 26000014 26000011 26000043 26000030 1
1532713460 2RVGVL2GL 26000046 28000011 28000009 27000003 26000012 26000011 26000014 26000005 -1
1532721363 8Y98QPPVC 28000011 26000012 26000004 26000046 26000050 26000037 28000009 26000049 1
1532720196 9200UJL2L 26000004 26000050 28000000 26000011 26000012 26000046 28000011 26000062 -1
1532719751 8RJ2ULJQV 26000004 28000001 26000036 26000012 26000001 28000009 26000037 26000046 2
1532770802 UCL20R22 27000003 26000012 26000011 26000049 26000022 28000000 28000011 26000046 -1
1532760324 PLRCYC8Y 26000004 26000014 27000003 26000011 26000001 26000049 28000011 28000001 -1
1532720608 8UVYU088U 26000000 26000032 26000026 28000008 26000041 26000004 26000007 28000004 -1
1532771256 8ULGR0V0G 26000012 26000004 26000033 26000037 26000050 26000049 28000012 26000020 -2
1532709501 8QC0UUVG0 26000000 26000012 28000001 26000046 27000003 28000007 26000019 26000050 -1
1532770609 2C2YUQ2R9 26000000 26000012 26000004 26000037 28000009 28000011 26000062 26000036 -1
1532725227 2RP8R88Y8 26000062 26000004 28000011 26000031 26000000 26000046 26000054 28000012 1
1532749486 LQ90RU8Q 26000004 26000037 26000043 26000005 26000062 26000050 28000011 26000046 2
1532713740 2C0L0VGP 28000000 26000062 26000004 26000006 26000049 28000011 26000001 26000037 -1
1532789343 9CUYJJ8G 26000004 26000037 26000050 28000001 26000046 26000005 28000000 27000010 -1
1532791973 2L98RYC2J 26000004 26000005 26000062 28000011 26000046 26000011 28000000 27000010 1
1532794459 PJ9Y2R0U 26000062 26000028 28000000 28000001 26000036 26000038 26000011 26000046 1
1533313243 8922R8Q2 26000004 26000033 26000030 28000000 27000010 26000014 28000008 26000049 3
1533309635 20VUQ8UL9 28000000 28000001 26000004 26000031 27000010 26000030 26000023 26000025 1
1533147709 LQL99J2U 26000032 26000057 26000021 28000012 26000045 26000019 28000008 26000041 -1
1532888554 LQL99J2U 26000042 26000029 26000022 26000015 28000001 26000041 26000049 26000011 -1
1533311879 99PPJLY8 28000008 28000011 26000004 26000025 26000031 26000036 26000014 26000023 1
1533157373 CLQG82LP 26000049 28000009 26000002 26000021 26000000 26000055 26000057 26000045 1
1533138137 82YL28C9R 26000045 28000012 26000004 26000021 28000000 28000008 26000041 26000000 -1
1533316665 2CPRCURQJ 28000011 26000012 26000050 26000004 26000062 26000018 28000012 28000008 -1
1533316310 2CPRCURQJ 28000011 26000012 26000050 26000016 26000023 26000018 28000012 28000008 -1
1533142489 2CPRCURQJ 28000008 26000000 26000041 26000021 26000045 28000012 28000000 26000026 1
1532892247 2CPRCURQJ 26000042 26000050 26000041 26000021 28000001 26000012 26000045 26000005 1
1533312408 2CLVUC9UV 26000012 28000011 26000050 28000000 28000008 26000004 26000014 26000036 1
1533310238 2PPQJ2VCJ 26000030 28000008 26000024 28000009 26000025 26000013 26000012 26000023 1
1533151211 28R82C022 28000008 26000041 28000012 26000004 26000045 28000000 26000049 26000032 1
1533154369 2L98RYC2J 26000032 26000041 26000005 27000007 28000008 26000035 26000036 26000028 1
1533146120 9YQUQ928 26000021 28000012 26000045 26000000 26000002 28000000 28000008 26000031 -1
1532924165 9YQUQ928 28000000 26000049 26000021 28000001 26000011 26000045 26000035 26000036 -1
1533154647 820PVJR9 26000005 26000032 28000008 26000003 26000026 26000041 26000035 26000021 2
1533314488 8CRUR2RVP 27000008 28000011 28000003 26000023 26000030 28000012 26000011 26000025 0
1533132534 PLRCYC8Y 26000004 28000008 26000021 26000041 26000057 26000045 26000035 26000032 -1
1533142676 28UVQQLCU 26000004 28000008 26000017 26000021 26000045 26000041 28000012 26000036 -1
1533201346 8V8009VJ 28000008 27000007 26000004 26000045 26000021 26000022 26000041 26000049 1
1533134630 CLYVV0JU 28000008 26000017 26000041 26000004 26000055 26000019 26000026 26000035 3
1533306671 9LVGRL80 28000011 26000012 26000004 26000025 28000001 28000008 26000016 26000014 1
1533133161 9LVGRL80 26000004 28000008 26000017 26000021 26000045 26000041 28000012 26000035 -1
1533309325 QUG02C8 28000008 26000049 28000001 26000004 26000012 27000010 26000011 26000014 3
1533151004 QUG02C8 26000017 26000004 26000035 26000032 28000008 26000049 28000012 26000000 -1
1533311391 VYYCYRV8 26000023 26000062 26000050 26000012 26000030 26000049 28000008 26000018 1
1533065557 VYYCYRV8 26000046 26000023 26000042 26000030 26000003 26000048 28000000 26000039 -1
1533314115 PCL2QYP2 26000004 26000033 26000030 28000000 26000036 26000014 28000008 26000049 1
1533313645 PCL2QYP2 26000004 26000033 26000030 28000000 26000036 26000014 28000008 26000049 -1
1533313860 LJ0P8G0 28000008 28000009 26000012 26000004 26000049 26000014 26000036 26000050 1
1533308124 2RVGVL2GL 28000000 28000008 26000036 26000014 26000011 26000024 26000002 26000049 -1
1533308357 9VLG0GJP 26000004 28000012 28000008 26000023 26000050 26000036 26000049 26000025 1
1532892675 9VLG0GJP 26000020 26000035 26000045 26000042 28000004 28000001 26000005 26000041 1
1533165557 8Y98QPPVC 28000008 26000049 26000004 26000026 26000016 26000035 26000031 26000017 1
1532896360 8Y98QPPVC 26000049 26000035 26000042 26000055 26000062 28000016 26000005 26000012 -1
1533201630 8R00Y2820 28000008 26000032 26000041 26000036 26000022 27000007 26000028 26000035 3
1533315836 QR0U8U2P 27000010 28000008 28000011 26000025 26000018 26000014 26000050 26000036 1
1533191229 QR0U8U2P 26000021 26000032 28000008 28000015 26000044 26000048 26000055 26000041 2
1533153783 8ULGR0V0G 28000008 26000026 26000033 26000017 26000004 28000012 26000016 26000032 1
1533313430 890RP02CQ 28000011 26000025 28000009 26000004 26000050 26000036 26000030 26000014 1
1533144201 890RP02CQ 28000008 26000021 28000000 26000017 26000032 28000015 26000035 26000055 -1
1533306483 8UVYU088U 26000004 28000000 26000050 28000011 28000008 26000053 26000049 26000036 1
1533132721 8UVYU088U 26000035 26000004 26000017 28000008 26000041 26000049 28000000 26000021 1
1532970346 9200UJL2L 28000000 26000015 26000012 26000035 26000055 26000042 26000050 26000062 1
1533186704 820222Y2 26000000 26000041 26000044 28000000 26000035 26000006 28000012 27000000 3
1533158245 2RP8R88Y8 26000035 26000032 26000033 26000004 26000048 28000012 28000008 26000031 -1
1533317081 LQ90RU8Q 26000004 26000062 26000025 26000030 28000008 26000014 26000050 28000011 1
1533156919 2C2YUQ2R9 28000008 26000017 26000021 26000004 28000009 26000000 26000041 26000005 2
1532967506 2C2YUQ2R9 26000021 26000041 26000055 26000062 26000011 28000001 28000009 26000042 1
1533159036 828RVQJCL 26000049 28000000 26000002 26000021 26000000 26000055 28000008 26000045 -1
1533309088 8RJ2ULJQV 28000008 28000000 26000004 26000023 28000012 26000012 26000036 26000049 -1
1533144006 8RJ2ULJQV 28000008 26000041 28000000 28000012 26000004 26000045 26000035 26000006 1
1533310864 99YRCQCQ2 26000012 26000023 28000000 26000049 28000012 27000008 26000011 28000008 -1
1533207583 PJ9Y2R0U 28000008 26000022 26000041 26000036 26000028 26000003 26000032 27000007 -1
1533306282 9099CJGVP 26000033 28000008 26000031 28000011 26000062 26000049 26000050 26000013 -2
1533318204 28UVQQLCU 28000008 28000009 26000012 26000004 26000049 26000014 26000036 26000050 1
1533362395 2PU22P2GJ 28000008 28000000 26000025 26000004 26000049 26000036 26000031 26000014 -1
1533322061 CLQG82LP 26000018 26000024 26000057 28000009 26000025 26000012 28000001 26000011 -1
1533326741 82YL28C9R 28000008 26000011 26000036 26000012 26000004 28000011 26000016 26000049 -1
1533328441 9PG8QRGV 26000024 26000011 26000062 28000008 28000009 26000023 28000007 26000050 -3
1533335785 28R82C022 28000008 28000012 26000004 26000023 26000012 26000014 28000000 26000036 3
1533324032 PLRCYC8Y 26000004 26000014 26000011 26000049 28000001 26000025 26000062 26000023 -3
1533320804 8V8009VJ 26000014 28000001 26000004 28000011 27000007 26000049 26000030 26000016 -1
1533330444 229YQU9J 28000008 28000009 26000012 26000004 28000001 26000014 26000036 26000050 -1
1533337391 8Y98QPPVC 28000008 26000030 26000049 26000004 28000011 26000016 26000023 26000062 2
1533327739 8ULGR0V0G 28000008 26000012 26000025 26000023 26000004 26000033 26000049 28000012 0
1533324561 9200UJL2L 28000000 26000012 26000004 26000050 26000062 28000011 26000011 28000008 -1
1533363494 820222Y2 26000024 26000023 26000012 28000003 26000011 26000014 28000008 26000030 -1
1533320198 2RP8R88Y8 28000011 26000062 26000023 26000031 28000001 26000025 26000030 26000024 -1
1533334864 2C2YUQ2R9 26000004 28000011 28000001 26000011 26000014 26000025 26000062 26000016 1
1533318531 828RVQJCL 28000008 26000011 26000036 26000012 26000004 28000011 26000016 26000049 1
1533657275 CLQG82LP 26000004 26000000 28000012 26000039 26000006 26000045 26000035 28000008 -1
1533656901 CLQG82LP 26000055 26000045 26000024 26000000 28000008 26000011 26000005 28000012 -1
1533660822 2CPRCURQJ 28000008 26000000 26000045 28000012 26000035 26000005 28000007 26000016 -1
1533495169 2CPRCURQJ 28000008 26000041 26000005 26000018 26000045 26000032 26000055 28000000 1
1533726893 2L98RYC2J 26000004 26000005 26000052 26000036 26000062 28000008 26000011 26000057 -1
1533667929 9YQUQ928 26000004 26000045 28000012 28000008 26000002 26000000 28000007 26000011 -1
1533391038 9YQUQ928 28000008 28000009 26000012 26000004 26000049 26000014 26000036 26000050 -1
1533665622 9VLG0GJP 26000004 26000045 28000008 28000012 26000005 26000035 26000036 26000023 2
1533657785 8CRUR2RVP 26000023 28000007 26000057 26000039 26000006 26000029 26000035 28000008 -2
1533677476 LJ0P8G0 28000008 26000004 26000035 26000045 26000005 26000026 26000023 26000036 1
1533732353 UCL20R22 28000008 26000035 26000004 26000045 26000023 26000026 28000007 26000001 -2
1533670170 8Y98QPPVC 28000008 26000016 26000026 26000004 26000062 26000023 26000039 26000005 1
1533668206 28UVQQLCU 26000004 26000045 28000012 26000011 26000001 28000008 26000057 26000052 -1
1533672312 8ULGR0V0G 28000008 26000026 26000023 28000012 26000004 26000055 26000045 28000007 -2
1533657461 VYYCYRV8 26000055 26000062 26000035 26000023 28000008 26000039 26000005 26000006 1
1533664075 828RVQJCL 28000008 26000022 26000011 26000004 26000026 26000055 26000023 26000000 1
1533663364 9200UJL2L 26000062 26000026 28000008 26000011 26000055 26000035 26000039 28000007 -1
1533667025 PLRCYC8Y 26000004 26000045 28000012 26000011 26000001 28000008 26000057 26000052 -1
1533500510 LQ90RU8Q 28000008 26000041 28000004 26000026 26000005 26000045 26000032 26000004 -1
1533718327 820222Y2 26000000 28000008 26000006 28000012 26000045 26000019 26000026 26000035 1
1533718118 820222Y2 26000000 28000008 26000006 28000012 26000045 26000019 26000026 26000035 1
1533496524 820222Y2 26000055 26000026 26000032 28000004 26000014 28000008 26000041 26000010 1
1533678321 2C2YUQ2R9 28000008 26000016 26000011 26000003 26000039 26000045 26000022 28000012 -1
1533555749 2C2YUQ2R9 28000008 26000041 26000003 26000014 26000018 28000000 26000017 26000007 1
1533668401 8RJ2ULJQV 28000008 28000012 26000045 26000006 26000035 26000004 26000039 28000007 3
1533688837 2RY98CURG 28000008 26000016 26000035 26000004 26000043 26000026 26000023 26000031 -1
1533930290 20VUQ8UL9 26000005 26000004 27000010 26000031 28000001 26000042 28000009 26000026 -1
1533921262 LQL99J2U 26000009 27000007 26000022 26000037 28000008 26000011 26000019 26000046 3
1533926520 QUG02C8 26000004 28000001 28000008 27000010 26000011 26000042 28000006 26000018 3
1533924511 28R82C022 28000008 27000003 26000026 28000004 26000011 26000022 26000021 26000042 1
1533976297 CLQG82LP 28000011 26000026 26000021 26000037 26000011 28000009 26000042 28000004 1
1533926346 99PPJLY8 28000011 26000031 28000008 26000021 26000004 26000011 26000042 26000005 1
1533922415 9LVGRL80 26000004 26000043 28000001 26000037 26000016 26000046 28000011 26000042 -1
1533922173 890RP02CQ 26000004 26000042 26000046 26000005 27000003 28000008 26000021 26000026 1
1533918395 8VQ0UR9LR 26000004 26000042 26000046 26000005 27000003 28000008 26000021 26000026 1
1533984262 2PPQJ2VCJ 27000000 26000005 26000021 26000031 28000008 28000009 26000018 28000001 -3
1533972187 9YQUQ928 26000004 28000011 26000021 28000009 26000042 26000018 26000005 27000006 1
1533924243 9VLG0GJP 26000004 26000005 26000026 26000046 28000008 26000042 28000004 26000018 -1
1533974798 89CPYGYGG 26000005 28000008 26000021 26000059 26000046 26000042 26000037 27000006 -1
1533926752 28UVQQLCU 28000008 26000004 26000042 28000009 26000046 26000026 28000004 26000021 -1
1533968789 8Y98QPPVC 28000008 26000019 26000004 26000016 26000026 26000037 26000046 26000042 2
1533944684 820PVJR9 26000005 26000043 28000008 26000021 26000009 28000004 28000009 26000042 -3
1533930538 8ULGR0V0G 26000026 28000004 26000042 26000037 26000004 28000008 28000006 26000034 -1
1533664235 8YLQRRLYU 26000055 26000042 26000032 26000046 28000011 26000049 28000008 26000023 1
1533933003 828RVQJCL 28000008 26000022 26000011 26000016 26000004 28000011 26000026 26000037 -3
1533914977 8UVYU088U 26000004 26000021 28000008 28000011 26000042 26000046 26000022 26000005 -1
1533915778 UY0UJLQ9 28000001 26000037 26000004 26000026 28000004 26000046 26000042 27000006 -1
1533915279 UY0UJLQ9 28000001 27000006 26000018 26000026 26000016 26000046 26000042 27000001 -1
1533932496 9099CJGVP 26000031 26000022 28000008 26000021 28000004 26000046 26000042 28000005 -2
1533932233 9099CJGVP 26000004 27000006 28000008 28000011 28000004 26000042 26000043 26000018 -3
1533925913 PLRCYC8Y 26000004 28000008 27000003 26000021 26000042 26000011 26000005 26000031 1
1533937533 820222Y2 26000021 26000011 27000000 28000008 26000037 26000042 28000011 28000005 -3
1533916466 99YRCQCQ2 28000008 26000021 26000042 27000006 28000005 26000011 26000037 26000026 1
1533983078 2C2YUQ2R9 26000011 26000004 26000042 28000009 26000037 26000005 28000008 26000021 -1
1533934548 8RJ2ULJQV 28000008 26000004 26000042 28000009 26000046 26000026 28000004 26000021 -1
1533948568 2RY98CURG 28000008 26000043 26000021 28000004 26000004 26000042 26000016 28000011 -1
1534096153 8922R8Q2 26000003 28000009 28000011 26000014 26000033 26000049 26000039 27000009 1
1534112902 20VUQ8UL9 26000001 26000004 26000039 28000000 28000001 28000010 26000014 28000011 1
1534272949 2CLVUC9UV 26000004 28000007 26000045 28000012 26000042 26000036 26000032 26000038 1
1534112489 2CLVUC9UV 26000012 26000014 28000011 26000004 26000033 28000000 26000036 26000050 -1
1534094419 QUG02C8 28000001 26000049 26000017 26000004 26000012 26000014 26000001 28000007 1
1534094781 LQL99J2U 26000055 26000014 26000050 26000041 26000036 28000011 26000057 26000039 3
1534145293 28R82C022 28000011 26000003 26000041 26000001 26000043 26000014 28000000 26000049 1
1534272442 9LVGRL80 26000004 28000001 26000022 26000042 26000045 26000025 28000012 26000032 -1
1534114060 CLQG82LP 28000011 26000024 26000057 27000003 26000041 26000012 26000014 26000039 -1
1534271632 9200UJL2L 26000015 26000004 26000042 26000026 26000045 26000027 26000025 28000000 3
1534148680 9200UJL2L 26000012 28000000 26000017 26000004 26000050 28000011 26000039 28000010 1
1534168420 2L98RYC2J 26000036 26000050 26000041 26000039 28000001 26000022 26000003 26000028 1
1534103994 99PPJLY8 26000003 27000009 28000011 26000033 26000039 26000014 28000009 26000049 1
1534106595 CLYVV0JU 26000017 26000012 26000018 27000006 26000041 28000004 26000055 28000011 1
1534106223 CLYVV0JU 26000017 26000012 26000018 27000003 26000041 28000004 26000055 28000011 -1
1534101893 229YQU9J 26000004 26000050 28000006 27000009 26000017 26000049 28000011 26000036 -1
1534094966 890RP02CQ 28000000 26000017 27000003 28000004 26000004 26000012 28000011 26000050 1
1534104222 QR0U8U2P 26000014 26000018 28000011 28000001 26000012 28000004 26000033 26000017 -1
1534270928 9VLG0GJP 26000004 26000032 28000012 26000045 26000001 28000001 26000048 26000000 1
1534271881 8VQ0UR9LR 27000003 26000004 26000041 26000045 28000012 28000001 26000000 28000000 1
1534104389 8ULGR0V0G 26000012 26000049 28000006 26000017 26000004 26000033 28000004 26000050 3
1534095744 VYYCYRV8 26000055 26000012 26000049 26000050 26000039 26000003 26000041 26000017 -1
1534131169 9YQUQ928 26000004 28000011 26000018 26000014 28000007 26000002 27000006 26000012 1
1534097497 2CPRCURQJ 28000001 26000018 26000055 28000010 28000005 26000041 26000039 26000017 -1
1534102293 28UVQQLCU 26000003 28000009 28000011 26000014 26000033 26000049 26000039 27000009 1
1534113787 8Y98QPPVC 26000049 28000011 26000004 26000034 28000009 26000012 26000039 26000050 1
1534106880 UY0UJLQ9 28000001 26000017 26000012 26000055 26000018 28000004 26000014 26000036 2
1534272249 LQ90RU8Q 26000004 27000003 26000045 26000042 26000041 28000001 26000002 26000022 -1
1534098563 LQ90RU8Q 27000003 28000004 26000004 26000041 28000011 26000017 26000050 26000022 1
1534099453 828RVQJCL 28000000 26000036 28000004 26000004 26000041 28000007 28000011 26000001 -1
1534271384 8UVYU088U 26000004 26000036 28000000 28000001 26000042 26000032 26000045 28000012 -1
1534271128 8UVYU088U 26000004 26000036 28000000 28000001 26000042 26000032 26000045 28000012 -1
1534186732 8CLJVJ8VV 28000008 26000004 26000050 26000007 26000027 28000000 26000023 26000000 -1
1534107786 9099CJGVP 28000005 26000012 28000004 26000022 26000055 26000050 28000011 26000041 1
1534172202 PLRCYC8Y 26000055 26000014 27000003 26000041 28000001 28000004 26000018 26000039 1
1534145796 8RJ2ULJQV 28000000 26000036 28000004 26000004 26000041 27000006 28000011 26000001 -1
1534272634 99GL88J8J 26000020 26000026 26000042 28000001 26000000 26000041 26000022 26000015 -1
1534114648 8LGUCJUG2 26000004 26000036 28000008 28000009 26000046 26000042 26000005 26000031 -1
1534153972 2RY98CURG 26000017 28000004 26000004 26000055 28000011 26000041 26000014 27000006 1
1534121863 820222Y2 26000055 28000011 28000004 28000001 26000041 27000006 26000050 26000049 1
1534517197 LQL99J2U 26000009 26000057 26000000 28000011 28000008 26000016 26000049 26000036 1
1534590845 CLQG82LP 28000011 26000012 26000055 26000003 26000000 26000049 26000005 26000057 1
1534287989 CLQG82LP 26000045 28000012 26000000 26000032 26000057 26000041 26000042 27000003 -3
1534537750 8V8009VJ 28000008 26000000 26000036 26000009 28000011 26000049 26000013 26000057 1
1534594216 99PPJLY8 28000011 28000008 26000009 26000034 27000009 26000057 26000005 26000012 1
1534534714 UY0UJLQ9 28000008 26000055 26000000 26000016 26000017 26000012 26000040 26000036 -1
1534566575 9YQUQ928 26000055 28000011 26000006 28000003 26000000 26000017 26000005 26000040 1
1534307021 9YQUQ928 26000004 26000045 28000012 26000000 26000002 28000000 28000001 26000041 1
1534520258 229YQU9J 26000000 26000013 26000036 26000012 26000016 26000008 26000003 26000040 1
1534584025 890RP02CQ 28000008 26000000 26000013 26000016 26000055 26000017 26000049 26000040 -1
1534583772 890RP02CQ 28000008 26000000 26000013 26000016 26000055 26000026 26000049 26000040 -1
1534524444 8CRUR2RVP 26000009 26000040 26000023 26000057 26000012 26000049 28000008 26000053 1
1534526100 9VLG0GJP 26000055 26000005 26000006 28000008 26000023 26000036 26000026 28000011 -3
1534537953 2CPRCURQJ 26000000 28000008 28000011 26000005 26000016 26000012 26000055 26000023 2
1534278243 2CPRCURQJ 26000000 26000026 26000041 26000045 28000001 28000000 28000012 26000059 -2
1534311275 UCL20R22 26000041 28000001 27000003 26000004 26000045 26000042 26000026 26000022 -1
1534535351 8Y98QPPVC 28000008 26000049 28000011 26000016 26000055 26000026 26000017 26000023 1
1534275689 8Y98QPPVC 26000027 26000004 26000042 26000026 26000062 26000032 28000000 26000038 -1
1534520652 8VQ0UR9LR 26000003 26000012 26000006 26000017 28000008 28000011 26000005 26000000 1
1534530400 PCL2QYP2 28000008 26000005 26000036 26000009 26000017 28000011 26000016 26000012 1
1534516974 LQ90RU8Q 28000008 26000055 26000017 28000011 26000005 26000012 26000034 26000000 1
1534516733 LQ90RU8Q 28000008 26000055 26000026 28000011 26000005 26000012 26000034 26000000 -1
1534532866 828RVQJCL 26000012 26000016 26000020 28000011 26000026 26000017 26000055 26000000 -1
1534580499 PLRCYC8Y 26000055 26000012 26000000 26000044 26000057 26000017 28000011 26000040 1
1534312186 PLRCYC8Y 26000004 26000041 26000042 26000025 27000003 26000015 28000001 28000006 -3
1534521809 8RJ2ULJQV 28000008 28000003 26000023 26000012 26000055 26000006 28000011 26000000 1
1534321035 8RJ2ULJQV 26000041 28000012 26000004 26000045 26000032 26000042 28000000 28000001 -1
1534539979 80UUCGG8Y 28000008 26000029 26000006 26000012 27000009 26000005 26000000 26000017 -1
1534353700 80UUCGG8Y 28000000 26000046 28000010 26000042 28000011 26000000 26000004 26000017 -3
1534594612 2C2YUQ2R9 28000008 26000000 28000011 26000003 26000016 26000017 26000049 26000055 1
